{"schema": "pinnlab.compare/v1", "case_id": "poll-ocean-transport", "dims": ["x", "y"], "axes": {"x": [0.0, 0.0125, 0.025, 0.0375, 0.05, 0.0625, 0.075, 0.0875, 0.1, 0.1125, 0.125, 0.1375, 0.15, 0.1625, 0.175, 0.1875, 0.2, 0.2125, 0.225, 0.2375, 0.25, 0.2625, 0.275, 0.2875, 0.3, 0.3125, 0.325, 0.3375, 0.35, 0.3625, 0.375, 0.3875, 0.4, 0.4125, 0.425, 0.4375, 0.45, 0.4625, 0.475, 0.4875, 0.5, 0.5125, 0.525, 0.5375, 0.55, 0.5625, 0.575, 0.5875, 0.6, 0.6125, 0.625, 0.6375, 0.65, 0.6625, 0.675, 0.6875, 0.7, 0.7125, 0.725, 0.7375, 0.75, 0.7625, 0.775, 0.7875, 0.8, 0.8125, 0.825, 0.8375, 0.85, 0.8625, 0.875, 0.8875, 0.9, 0.9125, 0.925, 0.9375, 0.95, 0.9625, 0.975, 0.9875, 1.0], "y": [0.0, 0.0125, 0.025, 0.0375, 0.05, 0.0625, 0.075, 0.0875, 0.1, 0.1125, 0.125, 0.1375, 0.15, 0.1625, 0.175, 0.1875, 0.2, 0.2125, 0.225, 0.2375, 0.25, 0.2625, 0.275, 0.2875, 0.3, 0.3125, 0.325, 0.3375, 0.35, 0.3625, 0.375, 0.3875, 0.4, 0.4125, 0.425, 0.4375, 0.45, 0.4625, 0.475, 0.4875, 0.5, 0.5125, 0.525, 0.5375, 0.55, 0.5625, 0.575, 0.5875, 0.6, 0.6125, 0.625, 0.6375, 0.65, 0.6625, 0.675, 0.6875, 0.7, 0.7125, 0.725, 0.7375, 0.75, 0.7625, 0.775, 0.7875, 0.8, 0.8125, 0.825, 0.8375, 0.85, 0.8625, 0.875, 0.8875, 0.9, 0.9125, 0.925, 0.9375, 0.95, 0.9625, 0.975, 0.9875, 1.0]}, "fields": {"standard": [[7e-05, 0.00011, 0.00018, 0.00027, 0.0004, 0.00059, 0.00085, 0.0012, 0.00165, 0.00223, 0.00297, 0.00386, 0.00493, 0.00617, 0.00758, 0.00912, 0.01077, 0.01247, 0.01415, 0.01576, 0.01721, 0.01842, 0.01935, 0.01992, 0.02012, 0.01992, 0.01935, 0.01842, 0.01721, 0.01576, 0.01415, 0.01247, 0.01077, 0.00912, 0.00758, 0.00617, 0.00493, 0.00386, 0.00297, 0.00223, 0.00165, 0.0012, 0.00085, 0.00059, 0.0004, 0.00027, 0.00018, 0.00011, 7e-05, 4e-05, 3e-05, 2e-05, 1e-05, 1e-05, 0.0, 0.0, 0.0, 0.0, 0.0, 0.0, 0.0, 0.0, 0.0, 0.0, 0.0, 0.0, 0.0, 0.0, 0.0, 0.0, 0.0, 0.0, 0.0, 0.0, 0.0, 0.0, 0.0, 0.0, 0.0, 0.0, 0.0], [0.00011, 0.00017, 0.00026, 0.0004, 0.00059, 0.00087, 0.00124, 0.00175, 0.00242, 0.00327, 0.00434, 0.00565, 0.00721, 0.00903, 0.01109, 0.01335, 0.01576, 0.01824, 0.02071, 0.02306, 0.02518, 0.02696, 0.02831, 0.02915, 0.02944, 0.02915, 0.02831, 0.02696, 0.02518, 0.02306, 0.02071, 0.01824, 0.01576, 0.01335, 0.01109, 0.00903, 0.00721, 0.00565, 0.00434, 0.00327, 0.00242, 0.00175, 0.00124, 0.00087, 0.00059, 0.0004, 0.00026, 0.00017, 0.00011, 7e-05, 4e-05, 2e-05, 1e-05, 1e-05, 0.0, 0.0, 0.0, 0.0, 0.0, 0.0, 0.0, 0.0, 0.0, 0.0, 0.0, 0.0, 0.0, 0.0, 0.0, 0.0, 0.0, 0.0, 0.0, 0.0, 0.0, 0.0, 0.0, 0.0, 0.0, 0.0, 0.0], [0.00015, 0.00024, 0.00037, 0.00057, 0.00085, 0.00124, 0.00179, 0.00251, 0.00347, 0.00469, 0.00623, 0.00811, 0.01035, 0.01296, 0.01591, 0.01916, 0.02262, 0.02618, 0.02973, 0.0331, 0.03614, 0.0387, 0.04064, 0.04184, 0.04225, 0.04184, 0.04064, 0.0387, 0.03614, 0.0331, 0.02973, 0.02618, 0.02262, 0.01916, 0.01591, 0.01296, 0.01035, 0.00811, 0.00623, 0.00469, 0.00347, 0.00251, 0.00179, 0.00124, 0.00085, 0.00057, 0.00037, 0.00024, 0.00015, 9e-05, 6e-05, 3e-05, 2e-05, 1e-05, 1e-05, 0.0, 0.0, 0.0, 0.0, 0.0, 0.0, 0.0, 0.0, 0.0, 0.0, 0.0, 0.0, 0.0, 0.0, 0.0, 0.0, 0.0, 0.0, 0.0, 0.0, 0.0, 0.0, 0.0, 0.0, 0.0, 0.0], [0.00021, 0.00034, 0.00053, 0.0008, 0.0012, 0.00175, 0.00251, 0.00354, 0.00488, 0.00661, 0.00877, 0.01142, 0.01457, 0.01824, 0.0224, 0.02696, 0.03183, 0.03685, 0.04184, 0.04659, 0.05087, 0.05447, 0.05719, 0.05889, 0.05947, 0.05889, 0.05719, 0.05447, 0.05087, 0.04659, 0.04184, 0.03685, 0.03183, 0.02696, 0.0224, 0.01824, 0.01457, 0.01142, 0.00877, 0.00661, 0.00488, 0.00354, 0.00251, 0.00175, 0.0012, 0.0008, 0.00053, 0.00034, 0.00021, 0.00013, 8e-05, 5e-05, 3e-05, 2e-05, 1e-05, 0.0, 0.0, 0.0, 0.0, 0.0, 0.0, 0.0, 0.0, 0.0, 0.0, 0.0, 0.0, 0.0, 0.0, 0.0, 0.0, 0.0, 0.0, 0.0, 0.0, 0.0, 0.0, 0.0, 0.0, 0.0, 0.0], [0.0003, 0.00047, 0.00073, 0.00111, 0.00165, 0.00242, 0.00347, 0.00488, 0.00674, 0.00912, 0.01211, 0.01576, 0.02012, 0.02518, 0.03091, 0.03722, 0.04394, 0.05087, 0.05775, 0.0643, 0.07021, 0.07518, 0.07894, 0.08129, 0.08208, 0.08129, 0.07894, 0.07518, 0.07021, 0.0643, 0.05775, 0.05087, 0.04394, 0.03722, 0.03091, 0.02518, 0.02012, 0.01576, 0.01211, 0.00912, 0.00674, 0.00488, 0.00347, 0.00242, 0.00165, 0.00111, 0.00073, 0.00047, 0.0003, 0.00018, 0.00011, 7e-05, 4e-05, 2e-05, 1e-05, 1e-05, 0.0, 0.0, 0.0, 0.0, 0.0, 0.0, 0.0, 0.0, 0.0, 0.0, 0.0, 0.0, 0.0, 0.0, 0.0, 0.0, 0.0, 0.0, 0.0, 0.0, 0.0, 0.0, 0.0, 0.0, 0.0], [0.0004, 0.00063, 0.00098, 0.0015, 0.00223, 0.00327, 0.00469, 0.00661, 0.00912, 0.01234, 0.01639, 0.02133, 0.02723, 0.03408, 0.04184, 0.05037, 0.05947, 0.06885, 0.07817, 0.08704, 0.09503, 0.10176, 0.10685, 0.11003, 0.11111, 0.11003, 0.10685, 0.10176, 0.09503, 0.08704, 0.07817, 0.06885, 0.05947, 0.05037, 0.04184, 0.03408, 0.02723, 0.02133, 0.01639, 0.01234, 0.00912, 0.00661, 0.00469, 0.00327, 0.00223, 0.0015, 0.00098, 0.00063, 0.0004, 0.00025, 0.00015, 9e-05, 5e-05, 3e-05, 2e-05, 1e-05, 1e-05, 0.0, 0.0, 0.0, 0.0, 0.0, 0.0, 0.0, 0.0, 0.0, 0.0, 0.0, 0.0, 0.0, 0.0, 0.0, 0.0, 0.0, 0.0, 0.0, 0.0, 0.0, 0.0, 0.0, 0.0], [0.00053, 0.00084, 0.00131, 0.00199, 0.00297, 0.00434, 0.00623, 0.00877, 0.01211, 0.01639, 0.02175, 0.02831, 0.03614, 0.04524, 0.05554, 0.06687, 0.07894, 0.09139, 0.10377, 0.11553, 0.12615, 0.13507, 0.14183, 0.14605, 0.14748, 0.14605, 0.14183, 0.13507, 0.12615, 0.11553, 0.10377, 0.09139, 0.07894, 0.06687, 0.05554, 0.04524, 0.03614, 0.02831, 0.02175, 0.01639, 0.01211, 0.00877, 0.00623, 0.00434, 0.00297, 0.00199, 0.00131, 0.00084, 0.00053, 0.00033, 0.0002, 0.00012, 7e-05, 4e-05, 2e-05, 1e-05, 1e-05, 0.0, 0.0, 0.0, 0.0, 0.0, 0.0, 0.0, 0.0, 0.0, 0.0, 0.0, 0.0, 0.0, 0.0, 0.0, 0.0, 0.0, 0.0, 0.0, 0.0, 0.0, 0.0, 0.0, 0.0], [0.00069, 0.0011, 0.0017, 0.00259, 0.00386, 0.00565, 0.00811, 0.01142, 0.01576, 0.02133, 0.02831, 0.03685, 0.04705, 0.05889, 0.0723, 0.08704, 0.10276, 0.11897, 0.13507, 0.15039, 0.1642, 0.17582, 0.18462, 0.19011, 0.19197, 0.19011, 0.18462, 0.17582, 0.1642, 0.15039, 0.13507, 0.11897, 0.10276, 0.08704, 0.0723, 0.05889, 0.04705, 0.03685, 0.02831, 0.02133, 0.01576, 0.01142, 0.00811, 0.00565, 0.00386, 0.00259, 0.0017, 0.0011, 0.00069, 0.00043, 0.00026, 0.00016, 9e-05, 5e-05, 3e-05, 2e-05, 1e-05, 0.0, 0.0, 0.0, 0.0, 0.0, 0.0, 0.0, 0.0, 0.0, 0.0, 0.0, 0.0, 0.0, 0.0, 0.0, 0.0, 0.0, 0.0, 0.0, 0.0, 0.0, 0.0, 0.0, 0.0], [0.00088, 0.0014, 0.00217, 0.0033, 0.00493, 0.00721, 0.01035, 0.01457, 0.02012, 0.02723, 0.03614, 0.04705, 0.06005, 0.07518, 0.09229, 0.11111, 0.13117, 0.15186, 0.17242, 0.19197, 0.20961, 0.22444, 0.23567, 0.24268, 0.24506, 0.24268, 0.23567, 0.22444, 0.20961, 0.19197, 0.17242, 0.15186, 0.13117, 0.11111, 0.09229, 0.07518, 0.06005, 0.04705, 0.03614, 0.02723, 0.02012, 0.01457, 0.01035, 0.00721, 0.00493, 0.0033, 0.00217, 0.0014, 0.00088, 0.00055, 0.00033, 0.0002, 0.00012, 7e-05, 4e-05, 2e-05, 1e-05, 1e-05, 0.0, 0.0, 0.0, 0.0, 0.0, 0.0, 0.0, 0.0, 0.0, 0.0, 0.0, 0.0, 0.0, 0.0, 0.0, 0.0, 0.0, 0.0, 0.0, 0.0, 0.0, 0.0, 0.0], [0.00111, 0.00175, 0.00272, 0.00413, 0.00617, 0.00903, 0.01296, 0.01824, 0.02518, 0.03408, 0.04524, 0.05889, 0.07518, 0.09411, 0.11553, 0.13909, 0.1642, 0.19011, 0.21584, 0.24032, 0.2624, 0.28096, 0.29502, 0.30379, 0.30678, 0.30379, 0.29502, 0.28096, 0.2624, 0.24032, 0.21584, 0.19011, 0.1642, 0.13909, 0.11553, 0.09411, 0.07518, 0.05889, 0.04524, 0.03408, 0.02518, 0.01824, 0.01296, 0.00903, 0.00617, 0.00413, 0.00272, 0.00175, 0.00111, 0.00069, 0.00042, 0.00025, 0.00015, 8e-05, 5e-05, 3e-05, 1e-05, 1e-05, 0.0, 0.0, 0.0, 0.0, 0.0, 0.0, 0.0, 0.0, 0.0, 0.0, 0.0, 0.0, 0.0, 0.0, 0.0, 0.0, 0.0, 0.0, 0.0, 0.0, 0.0, 0.0, 0.0], [0.00136, 0.00215, 0.00334, 0.00508, 0.00758, 0.01109, 0.01591, 0.0224, 0.03091, 0.04184, 0.05554, 0.0723, 0.09229, 0.11553, 0.14183, 0.17075, 0.20158, 0.23338, 0.26497, 0.29502, 0.32213, 0.34492, 0.36218, 0.37294, 0.3766, 0.37294, 0.36218, 0.34492, 0.32213, 0.29502, 0.26497, 0.23338, 0.20158, 0.17075, 0.14183, 0.11553, 0.09229, 0.0723, 0.05554, 0.04184, 0.03091, 0.0224, 0.01591, 0.01109, 0.00758, 0.00508, 0.00334, 0.00215, 0.00136, 0.00084, 0.00051, 0.0003, 0.00018, 0.0001, 6e-05, 3e-05, 2e-05, 1e-05, 0.0, 0.0, 0.0, 0.0, 0.0, 0.0, 0.0, 0.0, 0.0, 0.0, 0.0, 0.0, 0.0, 0.0, 0.0, 0.0, 0.0, 0.0, 0.0, 0.0, 0.0, 0.0, 0.0], [0.00164, 0.00259, 0.00402, 0.00611, 0.00912, 0.01335, 0.01916, 0.02696, 0.03722, 0.05037, 0.06687, 0.08704, 0.11111, 0.13909, 0.17075, 0.20556, 0.24268, 0.28096, 0.319, 0.35517, 0.3878, 0.41524, 0.43602, 0.44898, 0.45338, 0.44898, 0.43602, 0.41524, 0.3878, 0.35517, 0.319, 0.28096, 0.24268, 0.20556, 0.17075, 0.13909, 0.11111, 0.08704, 0.06687, 0.05037, 0.03722, 0.02696, 0.01916, 0.01335, 0.00912, 0.00611, 0.00402, 0.00259, 0.00164, 0.00101, 0.00062, 0.00037, 0.00021, 0.00012, 7e-05, 4e-05, 2e-05, 1e-05, 1e-05, 0.0, 0.0, 0.0, 0.0, 0.0, 0.0, 0.0, 0.0, 0.0, 0.0, 0.0, 0.0, 0.0, 0.0, 0.0, 0.0, 0.0, 0.0, 0.0, 0.0, 0.0, 0.0], [0.00193, 0.00305, 0.00474, 0.00721, 0.01077, 0.01576, 0.02262, 0.03183, 0.04394, 0.05947, 0.07894, 0.10276, 0.13117, 0.1642, 0.20158, 0.24268, 0.2865, 0.3317, 0.3766, 0.41931, 0.45783, 0.49023, 0.51476, 0.53006, 0.53526, 0.53006, 0.51476, 0.49023, 0.45783, 0.41931, 0.3766, 0.3317, 0.2865, 0.24268, 0.20158, 0.1642, 0.13117, 0.10276, 0.07894, 0.05947, 0.04394, 0.03183, 0.02262, 0.01576, 0.01077, 0.00721, 0.00474, 0.00305, 0.00193, 0.0012, 0.00073, 0.00043, 0.00025, 0.00015, 8e-05, 4e-05, 2e-05, 1e-05, 1e-05, 0.0, 0.0, 0.0, 0.0, 0.0, 0.0, 0.0, 0.0, 0.0, 0.0, 0.0, 0.0, 0.0, 0.0, 0.0, 0.0, 0.0, 0.0, 0.0, 0.0, 0.0, 0.0], [0.00223, 0.00354, 0.00549, 0.00835, 0.01247, 0.01824, 0.02618, 0.03685, 0.05087, 0.06885, 0.09139, 0.11897, 0.15186, 0.19011, 0.23338, 0.28096, 0.3317, 0.38403, 0.43602, 0.48546, 0.53006, 0.56756, 0.59596, 0.61368, 0.6197, 0.61368, 0.59596, 0.56756, 0.53006, 0.48546, 0.43602, 0.38403, 0.3317, 0.28096, 0.23338, 0.19011, 0.15186, 0.11897, 0.09139, 0.06885, 0.05087, 0.03685, 0.02618, 0.01824, 0.01247, 0.00835, 0.00549, 0.00354, 0.00223, 0.00139, 0.00084, 0.0005, 0.00029, 0.00017, 9e-05, 5e-05, 3e-05, 1e-05, 1e-05, 0.0, 0.0, 0.0, 0.0, 0.0, 0.0, 0.0, 0.0, 0.0, 0.0, 0.0, 0.0, 0.0, 0.0, 0.0, 0.0, 0.0, 0.0, 0.0, 0.0, 0.0, 0.0], [0.00254, 0.00402, 0.00623, 0.00948, 0.01415, 0.02071, 0.02973, 0.04184, 0.05775, 0.07817, 0.10377, 0.13507, 0.17242, 0.21584, 0.26497, 0.319, 0.3766, 0.43602, 0.49504, 0.55117, 0.60181, 0.64439, 0.67663, 0.69675, 0.70359, 0.69675, 0.67663, 0.64439, 0.60181, 0.55117, 0.49504, 0.43602, 0.3766, 0.319, 0.26497, 0.21584, 0.17242, 0.13507, 0.10377, 0.07817, 0.05775, 0.04184, 0.02973, 0.02071, 0.01415, 0.00948, 0.00623, 0.00402, 0.00254, 0.00157, 0.00096, 0.00057, 0.00033, 0.00019, 0.00011, 6e-05, 3e-05, 2e-05, 1e-05, 0.0, 0.0, 0.0, 0.0, 0.0, 0.0, 0.0, 0.0, 0.0, 0.0, 0.0, 0.0, 0.0, 0.0, 0.0, 0.0, 0.0, 0.0, 0.0, 0.0, 0.0, 0.0], [0.00283, 0.00447, 0.00694, 0.01056, 0.01576, 0.02306, 0.0331, 0.04659, 0.0643, 0.08704, 0.11553, 0.15039, 0.19197, 0.24032, 0.29502, 0.35517, 0.41931, 0.48546, 0.55117, 0.61368, 0.67006, 0.71746, 0.75337, 0.77576, 0.78338, 0.77576, 0.75337, 0.71746, 0.67006, 0.61368, 0.55117, 0.48546, 0.41931, 0.35517, 0.29502, 0.24032, 0.19197, 0.15039, 0.11553, 0.08704, 0.0643, 0.04659, 0.0331, 0.02306, 0.01576, 0.01056, 0.00694, 0.00447, 0.00283, 0.00175, 0.00106, 0.00063, 0.00037, 0.00021, 0.00012, 7e-05, 4e-05, 2e-05, 1e-05, 0.0, 0.0, 0.0, 0.0, 0.0, 0.0, 0.0, 0.0, 0.0, 0.0, 0.0, 0.0, 0.0, 0.0, 0.0, 0.0, 0.0, 0.0, 0.0, 0.0, 0.0, 0.0], [0.00308, 0.00488, 0.00758, 0.01153, 0.01721, 0.02518, 0.03614, 0.05087, 0.07021, 0.09503, 0.12615, 0.1642, 0.20961, 0.2624, 0.32213, 0.3878, 0.45783, 0.53006, 0.60181, 0.67006, 0.73162, 0.78338, 0.82258, 0.84703, 0.85535, 0.84703, 0.82258, 0.78338, 0.73162, 0.67006, 0.60181, 0.53006, 0.45783, 0.3878, 0.32213, 0.2624, 0.20961, 0.1642, 0.12615, 0.09503, 0.07021, 0.05087, 0.03614, 0.02518, 0.01721, 0.01153, 0.00758, 0.00488, 0.00308, 0.00191, 0.00116, 0.00069, 0.0004, 0.00023, 0.00013, 7e-05, 4e-05, 2e-05, 1e-05, 1e-05, 0.0, 0.0, 0.0, 0.0, 0.0, 0.0, 0.0, 0.0, 0.0, 0.0, 0.0, 0.0, 0.0, 0.0, 0.0, 0.0, 0.0, 0.0, 0.0, 0.0, 0.0], [0.0033, 0.00523, 0.00811, 0.01234, 0.01842, 0.02696, 0.0387, 0.05447, 0.07518, 0.10176, 0.13507, 0.17582, 0.22444, 0.28096, 0.34492, 0.41524, 0.49023, 0.56756, 0.64439, 0.71746, 0.78338, 0.8388, 0.88077, 0.90696, 0.91586, 0.90696, 0.88077, 0.8388, 0.78338, 0.71746, 0.64439, 0.56756, 0.49023, 0.41524, 0.34492, 0.28096, 0.22444, 0.17582, 0.13507, 0.10176, 0.07518, 0.05447, 0.0387, 0.02696, 0.01842, 0.01234, 0.00811, 0.00523, 0.0033, 0.00205, 0.00124, 0.00074, 0.00043, 0.00025, 0.00014, 8e-05, 4e-05, 2e-05, 1e-05, 1e-05, 0.0, 0.0, 0.0, 0.0, 0.0, 0.0, 0.0, 0.0, 0.0, 0.0, 0.0, 0.0, 0.0, 0.0, 0.0, 0.0, 0.0, 0.0, 0.0, 0.0, 0.0], [0.00347, 0.00549, 0.00852, 0.01296, 0.01935, 0.02831, 0.04064, 0.05719, 0.07894, 0.10685, 0.14183, 0.18462, 0.23567, 0.29502, 0.36218, 0.43602, 0.51476, 0.59596, 0.67663, 0.75337, 0.82258, 0.88077, 0.92485, 0.95234, 0.96169, 0.95234, 0.92485, 0.88077, 0.82258, 0.75337, 0.67663, 0.59596, 0.51476, 0.43602, 0.36218, 0.29502, 0.23567, 0.18462, 0.14183, 0.10685, 0.07894, 0.05719, 0.04064, 0.02831, 0.01935, 0.01296, 0.00852, 0.00549, 0.00347, 0.00215, 0.00131, 0.00078, 0.00045, 0.00026, 0.00015, 8e-05, 4e-05, 2e-05, 1e-05, 1e-05, 0.0, 0.0, 0.0, 0.0, 0.0, 0.0, 0.0, 0.0, 0.0, 0.0, 0.0, 0.0, 0.0, 0.0, 0.0, 0.0, 0.0, 0.0, 0.0, 0.0, 0.0], [0.00357, 0.00565, 0.00877, 0.01335, 0.01992, 0.02915, 0.04184, 0.05889, 0.08129, 0.11003, 0.14605, 0.19011, 0.24268, 0.30379, 0.37294, 0.44898, 0.53006, 0.61368, 0.69675, 0.77576, 0.84703, 0.90696, 0.95234, 0.98066, 0.99028, 0.98066, 0.95234, 0.90696, 0.84703, 0.77576, 0.69675, 0.61368, 0.53006, 0.44898, 0.37294, 0.30379, 0.24268, 0.19011, 0.14605, 0.11003, 0.08129, 0.05889, 0.04184, 0.02915, 0.01992, 0.01335, 0.00877, 0.00565, 0.00357, 0.00221, 0.00135, 0.0008, 0.00047, 0.00027, 0.00015, 8e-05, 4e-05, 2e-05, 1e-05, 1e-05, 0.0, 0.0, 0.0, 0.0, 0.0, 0.0, 0.0, 0.0, 0.0, 0.0, 0.0, 0.0, 0.0, 0.0, 0.0, 0.0, 0.0, 0.0, 0.0, 0.0, 0.0], [0.00361, 0.00571, 0.00886, 0.01348, 0.02012, 0.02944, 0.04225, 0.05947, 0.08208, 0.11111, 0.14748, 0.19197, 0.24506, 0.30678, 0.3766, 0.45338, 0.53526, 0.6197, 0.70359, 0.78338, 0.85535, 0.91586, 0.96169, 0.99028, 1.0, 0.99028, 0.96169, 0.91586, 0.85535, 0.78338, 0.70359, 0.6197, 0.53526, 0.45338, 0.3766, 0.30678, 0.24506, 0.19197, 0.14748, 0.11111, 0.08208, 0.05947, 0.04225, 0.02944, 0.02012, 0.01348, 0.00886, 0.00571, 0.00361, 0.00223, 0.00136, 0.00081, 0.00047, 0.00027, 0.00015, 8e-05, 5e-05, 2e-05, 1e-05, 1e-05, 0.0, 0.0, 0.0, 0.0, 0.0, 0.0, 0.0, 0.0, 0.0, 0.0, 0.0, 0.0, 0.0, 0.0, 0.0, 0.0, 0.0, 0.0, 0.0, 0.0, 0.0], [0.00357, 0.00565, 0.00877, 0.01335, 0.01992, 0.02915, 0.04184, 0.05889, 0.08129, 0.11003, 0.14605, 0.19011, 0.24268, 0.30379, 0.37294, 0.44898, 0.53006, 0.61368, 0.69675, 0.77576, 0.84703, 0.90696, 0.95234, 0.98066, 0.99028, 0.98066, 0.95234, 0.90696, 0.84703, 0.77576, 0.69675, 0.61368, 0.53006, 0.44898, 0.37294, 0.30379, 0.24268, 0.19011, 0.14605, 0.11003, 0.08129, 0.05889, 0.04184, 0.02915, 0.01992, 0.01335, 0.00877, 0.00565, 0.00357, 0.00221, 0.00135, 0.0008, 0.00047, 0.00027, 0.00015, 8e-05, 4e-05, 2e-05, 1e-05, 1e-05, 0.0, 0.0, 0.0, 0.0, 0.0, 0.0, 0.0, 0.0, 0.0, 0.0, 0.0, 0.0, 0.0, 0.0, 0.0, 0.0, 0.0, 0.0, 0.0, 0.0, 0.0], [0.00347, 0.00549, 0.00852, 0.01296, 0.01935, 0.02831, 0.04064, 0.05719, 0.07894, 0.10685, 0.14183, 0.18462, 0.23567, 0.29502, 0.36218, 0.43602, 0.51476, 0.59596, 0.67663, 0.75337, 0.82258, 0.88077, 0.92485, 0.95234, 0.96169, 0.95234, 0.92485, 0.88077, 0.82258, 0.75337, 0.67663, 0.59596, 0.51476, 0.43602, 0.36218, 0.29502, 0.23567, 0.18462, 0.14183, 0.10685, 0.07894, 0.05719, 0.04064, 0.02831, 0.01935, 0.01296, 0.00852, 0.00549, 0.00347, 0.00215, 0.00131, 0.00078, 0.00045, 0.00026, 0.00015, 8e-05, 4e-05, 2e-05, 1e-05, 1e-05, 0.0, 0.0, 0.0, 0.0, 0.0, 0.0, 0.0, 0.0, 0.0, 0.0, 0.0, 0.0, 0.0, 0.0, 0.0, 0.0, 0.0, 0.0, 0.0, 0.0, 0.0], [0.0033, 0.00523, 0.00811, 0.01234, 0.01842, 0.02696, 0.0387, 0.05447, 0.07518, 0.10176, 0.13507, 0.17582, 0.22444, 0.28096, 0.34492, 0.41524, 0.49023, 0.56756, 0.64439, 0.71746, 0.78338, 0.8388, 0.88077, 0.90696, 0.91586, 0.90696, 0.88077, 0.8388, 0.78338, 0.71746, 0.64439, 0.56756, 0.49023, 0.41524, 0.34492, 0.28096, 0.22444, 0.17582, 0.13507, 0.10176, 0.07518, 0.05447, 0.0387, 0.02696, 0.01842, 0.01234, 0.00811, 0.00523, 0.0033, 0.00205, 0.00124, 0.00074, 0.00043, 0.00025, 0.00014, 8e-05, 4e-05, 2e-05, 1e-05, 1e-05, 0.0, 0.0, 0.0, 0.0, 0.0, 0.0, 0.0, 0.0, 0.0, 0.0, 0.0, 0.0, 0.0, 0.0, 0.0, 0.0, 0.0, 0.0, 0.0, 0.0, 0.0], [0.00308, 0.00488, 0.00758, 0.01153, 0.01721, 0.02518, 0.03614, 0.05087, 0.07021, 0.09503, 0.12615, 0.1642, 0.20961, 0.2624, 0.32213, 0.3878, 0.45783, 0.53006, 0.60181, 0.67006, 0.73162, 0.78338, 0.82258, 0.84703, 0.85535, 0.84703, 0.82258, 0.78338, 0.73162, 0.67006, 0.60181, 0.53006, 0.45783, 0.3878, 0.32213, 0.2624, 0.20961, 0.1642, 0.12615, 0.09503, 0.07021, 0.05087, 0.03614, 0.02518, 0.01721, 0.01153, 0.00758, 0.00488, 0.00308, 0.00191, 0.00116, 0.00069, 0.0004, 0.00023, 0.00013, 7e-05, 4e-05, 2e-05, 1e-05, 1e-05, 0.0, 0.0, 0.0, 0.0, 0.0, 0.0, 0.0, 0.0, 0.0, 0.0, 0.0, 0.0, 0.0, 0.0, 0.0, 0.0, 0.0, 0.0, 0.0, 0.0, 0.0], [0.00283, 0.00447, 0.00694, 0.01056, 0.01576, 0.02306, 0.0331, 0.04659, 0.0643, 0.08704, 0.11553, 0.15039, 0.19197, 0.24032, 0.29502, 0.35517, 0.41931, 0.48546, 0.55117, 0.61368, 0.67006, 0.71746, 0.75337, 0.77576, 0.78338, 0.77576, 0.75337, 0.71746, 0.67006, 0.61368, 0.55117, 0.48546, 0.41931, 0.35517, 0.29502, 0.24032, 0.19197, 0.15039, 0.11553, 0.08704, 0.0643, 0.04659, 0.0331, 0.02306, 0.01576, 0.01056, 0.00694, 0.00447, 0.00283, 0.00175, 0.00106, 0.00063, 0.00037, 0.00021, 0.00012, 7e-05, 4e-05, 2e-05, 1e-05, 0.0, 0.0, 0.0, 0.0, 0.0, 0.0, 0.0, 0.0, 0.0, 0.0, 0.0, 0.0, 0.0, 0.0, 0.0, 0.0, 0.0, 0.0, 0.0, 0.0, 0.0, 0.0], [0.00254, 0.00402, 0.00623, 0.00948, 0.01415, 0.02071, 0.02973, 0.04184, 0.05775, 0.07817, 0.10377, 0.13507, 0.17242, 0.21584, 0.26497, 0.319, 0.3766, 0.43602, 0.49504, 0.55117, 0.60181, 0.64439, 0.67663, 0.69675, 0.70359, 0.69675, 0.67663, 0.64439, 0.60181, 0.55117, 0.49504, 0.43602, 0.3766, 0.319, 0.26497, 0.21584, 0.17242, 0.13507, 0.10377, 0.07817, 0.05775, 0.04184, 0.02973, 0.02071, 0.01415, 0.00948, 0.00623, 0.00402, 0.00254, 0.00157, 0.00096, 0.00057, 0.00033, 0.00019, 0.00011, 6e-05, 3e-05, 2e-05, 1e-05, 0.0, 0.0, 0.0, 0.0, 0.0, 0.0, 0.0, 0.0, 0.0, 0.0, 0.0, 0.0, 0.0, 0.0, 0.0, 0.0, 0.0, 0.0, 0.0, 0.0, 0.0, 0.0], [0.00223, 0.00354, 0.00549, 0.00835, 0.01247, 0.01824, 0.02618, 0.03685, 0.05087, 0.06885, 0.09139, 0.11897, 0.15186, 0.19011, 0.23338, 0.28096, 0.3317, 0.38403, 0.43602, 0.48546, 0.53006, 0.56756, 0.59596, 0.61368, 0.6197, 0.61368, 0.59596, 0.56756, 0.53006, 0.48546, 0.43602, 0.38403, 0.3317, 0.28096, 0.23338, 0.19011, 0.15186, 0.11897, 0.09139, 0.06885, 0.05087, 0.03685, 0.02618, 0.01824, 0.01247, 0.00835, 0.00549, 0.00354, 0.00223, 0.00139, 0.00084, 0.0005, 0.00029, 0.00017, 9e-05, 5e-05, 3e-05, 1e-05, 1e-05, 0.0, 0.0, 0.0, 0.0, 0.0, 0.0, 0.0, 0.0, 0.0, 0.0, 0.0, 0.0, 0.0, 0.0, 0.0, 0.0, 0.0, 0.0, 0.0, 0.0, 0.0, 0.0], [0.00193, 0.00305, 0.00474, 0.00721, 0.01077, 0.01576, 0.02262, 0.03183, 0.04394, 0.05947, 0.07894, 0.10276, 0.13117, 0.1642, 0.20158, 0.24268, 0.2865, 0.3317, 0.3766, 0.41931, 0.45783, 0.49023, 0.51476, 0.53006, 0.53526, 0.53006, 0.51476, 0.49023, 0.45783, 0.41931, 0.3766, 0.3317, 0.2865, 0.24268, 0.20158, 0.1642, 0.13117, 0.10276, 0.07894, 0.05947, 0.04394, 0.03183, 0.02262, 0.01576, 0.01077, 0.00721, 0.00474, 0.00305, 0.00193, 0.0012, 0.00073, 0.00043, 0.00025, 0.00015, 8e-05, 4e-05, 2e-05, 1e-05, 1e-05, 0.0, 0.0, 0.0, 0.0, 0.0, 0.0, 0.0, 0.0, 0.0, 0.0, 0.0, 0.0, 0.0, 0.0, 0.0, 0.0, 0.0, 0.0, 0.0, 0.0, 0.0, 0.0], [0.00164, 0.00259, 0.00402, 0.00611, 0.00912, 0.01335, 0.01916, 0.02696, 0.03722, 0.05037, 0.06687, 0.08704, 0.11111, 0.13909, 0.17075, 0.20556, 0.24268, 0.28096, 0.319, 0.35517, 0.3878, 0.41524, 0.43602, 0.44898, 0.45338, 0.44898, 0.43602, 0.41524, 0.3878, 0.35517, 0.319, 0.28096, 0.24268, 0.20556, 0.17075, 0.13909, 0.11111, 0.08704, 0.06687, 0.05037, 0.03722, 0.02696, 0.01916, 0.01335, 0.00912, 0.00611, 0.00402, 0.00259, 0.00164, 0.00101, 0.00062, 0.00037, 0.00021, 0.00012, 7e-05, 4e-05, 2e-05, 1e-05, 1e-05, 0.0, 0.0, 0.0, 0.0, 0.0, 0.0, 0.0, 0.0, 0.0, 0.0, 0.0, 0.0, 0.0, 0.0, 0.0, 0.0, 0.0, 0.0, 0.0, 0.0, 0.0, 0.0], [0.00136, 0.00215, 0.00334, 0.00508, 0.00758, 0.01109, 0.01591, 0.0224, 0.03091, 0.04184, 0.05554, 0.0723, 0.09229, 0.11553, 0.14183, 0.17075, 0.20158, 0.23338, 0.26497, 0.29502, 0.32213, 0.34492, 0.36218, 0.37294, 0.3766, 0.37294, 0.36218, 0.34492, 0.32213, 0.29502, 0.26497, 0.23338, 0.20158, 0.17075, 0.14183, 0.11553, 0.09229, 0.0723, 0.05554, 0.04184, 0.03091, 0.0224, 0.01591, 0.01109, 0.00758, 0.00508, 0.00334, 0.00215, 0.00136, 0.00084, 0.00051, 0.0003, 0.00018, 0.0001, 6e-05, 3e-05, 2e-05, 1e-05, 0.0, 0.0, 0.0, 0.0, 0.0, 0.0, 0.0, 0.0, 0.0, 0.0, 0.0, 0.0, 0.0, 0.0, 0.0, 0.0, 0.0, 0.0, 0.0, 0.0, 0.0, 0.0, 0.0], [0.00111, 0.00175, 0.00272, 0.00413, 0.00617, 0.00903, 0.01296, 0.01824, 0.02518, 0.03408, 0.04524, 0.05889, 0.07518, 0.09411, 0.11553, 0.13909, 0.1642, 0.19011, 0.21584, 0.24032, 0.2624, 0.28096, 0.29502, 0.30379, 0.30678, 0.30379, 0.29502, 0.28096, 0.2624, 0.24032, 0.21584, 0.19011, 0.1642, 0.13909, 0.11553, 0.09411, 0.07518, 0.05889, 0.04524, 0.03408, 0.02518, 0.01824, 0.01296, 0.00903, 0.00617, 0.00413, 0.00272, 0.00175, 0.00111, 0.00069, 0.00042, 0.00025, 0.00015, 8e-05, 5e-05, 3e-05, 1e-05, 1e-05, 0.0, 0.0, 0.0, 0.0, 0.0, 0.0, 0.0, 0.0, 0.0, 0.0, 0.0, 0.0, 0.0, 0.0, 0.0, 0.0, 0.0, 0.0, 0.0, 0.0, 0.0, 0.0, 0.0], [0.00088, 0.0014, 0.00217, 0.0033, 0.00493, 0.00721, 0.01035, 0.01457, 0.02012, 0.02723, 0.03614, 0.04705, 0.06005, 0.07518, 0.09229, 0.11111, 0.13117, 0.15186, 0.17242, 0.19197, 0.20961, 0.22444, 0.23567, 0.24268, 0.24506, 0.24268, 0.23567, 0.22444, 0.20961, 0.19197, 0.17242, 0.15186, 0.13117, 0.11111, 0.09229, 0.07518, 0.06005, 0.04705, 0.03614, 0.02723, 0.02012, 0.01457, 0.01035, 0.00721, 0.00493, 0.0033, 0.00217, 0.0014, 0.00088, 0.00055, 0.00033, 0.0002, 0.00012, 7e-05, 4e-05, 2e-05, 1e-05, 1e-05, 0.0, 0.0, 0.0, 0.0, 0.0, 0.0, 0.0, 0.0, 0.0, 0.0, 0.0, 0.0, 0.0, 0.0, 0.0, 0.0, 0.0, 0.0, 0.0, 0.0, 0.0, 0.0, 0.0], [0.00069, 0.0011, 0.0017, 0.00259, 0.00386, 0.00565, 0.00811, 0.01142, 0.01576, 0.02133, 0.02831, 0.03685, 0.04705, 0.05889, 0.0723, 0.08704, 0.10276, 0.11897, 0.13507, 0.15039, 0.1642, 0.17582, 0.18462, 0.19011, 0.19197, 0.19011, 0.18462, 0.17582, 0.1642, 0.15039, 0.13507, 0.11897, 0.10276, 0.08704, 0.0723, 0.05889, 0.04705, 0.03685, 0.02831, 0.02133, 0.01576, 0.01142, 0.00811, 0.00565, 0.00386, 0.00259, 0.0017, 0.0011, 0.00069, 0.00043, 0.00026, 0.00016, 9e-05, 5e-05, 3e-05, 2e-05, 1e-05, 0.0, 0.0, 0.0, 0.0, 0.0, 0.0, 0.0, 0.0, 0.0, 0.0, 0.0, 0.0, 0.0, 0.0, 0.0, 0.0, 0.0, 0.0, 0.0, 0.0, 0.0, 0.0, 0.0, 0.0], [0.00053, 0.00084, 0.00131, 0.00199, 0.00297, 0.00434, 0.00623, 0.00877, 0.01211, 0.01639, 0.02175, 0.02831, 0.03614, 0.04524, 0.05554, 0.06687, 0.07894, 0.09139, 0.10377, 0.11553, 0.12615, 0.13507, 0.14183, 0.14605, 0.14748, 0.14605, 0.14183, 0.13507, 0.12615, 0.11553, 0.10377, 0.09139, 0.07894, 0.06687, 0.05554, 0.04524, 0.03614, 0.02831, 0.02175, 0.01639, 0.01211, 0.00877, 0.00623, 0.00434, 0.00297, 0.00199, 0.00131, 0.00084, 0.00053, 0.00033, 0.0002, 0.00012, 7e-05, 4e-05, 2e-05, 1e-05, 1e-05, 0.0, 0.0, 0.0, 0.0, 0.0, 0.0, 0.0, 0.0, 0.0, 0.0, 0.0, 0.0, 0.0, 0.0, 0.0, 0.0, 0.0, 0.0, 0.0, 0.0, 0.0, 0.0, 0.0, 0.0], [0.0004, 0.00063, 0.00098, 0.0015, 0.00223, 0.00327, 0.00469, 0.00661, 0.00912, 0.01234, 0.01639, 0.02133, 0.02723, 0.03408, 0.04184, 0.05037, 0.05947, 0.06885, 0.07817, 0.08704, 0.09503, 0.10176, 0.10685, 0.11003, 0.11111, 0.11003, 0.10685, 0.10176, 0.09503, 0.08704, 0.07817, 0.06885, 0.05947, 0.05037, 0.04184, 0.03408, 0.02723, 0.02133, 0.01639, 0.01234, 0.00912, 0.00661, 0.00469, 0.00327, 0.00223, 0.0015, 0.00098, 0.00063, 0.0004, 0.00025, 0.00015, 9e-05, 5e-05, 3e-05, 2e-05, 1e-05, 1e-05, 0.0, 0.0, 0.0, 0.0, 0.0, 0.0, 0.0, 0.0, 0.0, 0.0, 0.0, 0.0, 0.0, 0.0, 0.0, 0.0, 0.0, 0.0, 0.0, 0.0, 0.0, 0.0, 0.0, 0.0], [0.0003, 0.00047, 0.00073, 0.00111, 0.00165, 0.00242, 0.00347, 0.00488, 0.00674, 0.00912, 0.01211, 0.01576, 0.02012, 0.02518, 0.03091, 0.03722, 0.04394, 0.05087, 0.05775, 0.0643, 0.07021, 0.07518, 0.07894, 0.08129, 0.08208, 0.08129, 0.07894, 0.07518, 0.07021, 0.0643, 0.05775, 0.05087, 0.04394, 0.03722, 0.03091, 0.02518, 0.02012, 0.01576, 0.01211, 0.00912, 0.00674, 0.00488, 0.00347, 0.00242, 0.00165, 0.00111, 0.00073, 0.00047, 0.0003, 0.00018, 0.00011, 7e-05, 4e-05, 2e-05, 1e-05, 1e-05, 0.0, 0.0, 0.0, 0.0, 0.0, 0.0, 0.0, 0.0, 0.0, 0.0, 0.0, 0.0, 0.0, 0.0, 0.0, 0.0, 0.0, 0.0, 0.0, 0.0, 0.0, 0.0, 0.0, 0.0, 0.0], [0.00021, 0.00034, 0.00053, 0.0008, 0.0012, 0.00175, 0.00251, 0.00354, 0.00488, 0.00661, 0.00877, 0.01142, 0.01457, 0.01824, 0.0224, 0.02696, 0.03183, 0.03685, 0.04184, 0.04659, 0.05087, 0.05447, 0.05719, 0.05889, 0.05947, 0.05889, 0.05719, 0.05447, 0.05087, 0.04659, 0.04184, 0.03685, 0.03183, 0.02696, 0.0224, 0.01824, 0.01457, 0.01142, 0.00877, 0.00661, 0.00488, 0.00354, 0.00251, 0.00175, 0.0012, 0.0008, 0.00053, 0.00034, 0.00021, 0.00013, 8e-05, 5e-05, 3e-05, 2e-05, 1e-05, 0.0, 0.0, 0.0, 0.0, 0.0, 0.0, 0.0, 0.0, 0.0, 0.0, 0.0, 0.0, 0.0, 0.0, 0.0, 0.0, 0.0, 0.0, 0.0, 0.0, 0.0, 0.0, 0.0, 0.0, 0.0, 0.0], [0.00015, 0.00024, 0.00037, 0.00057, 0.00085, 0.00124, 0.00179, 0.00251, 0.00347, 0.00469, 0.00623, 0.00811, 0.01035, 0.01296, 0.01591, 0.01916, 0.02262, 0.02618, 0.02973, 0.0331, 0.03614, 0.0387, 0.04064, 0.04184, 0.04225, 0.04184, 0.04064, 0.0387, 0.03614, 0.0331, 0.02973, 0.02618, 0.02262, 0.01916, 0.01591, 0.01296, 0.01035, 0.00811, 0.00623, 0.00469, 0.00347, 0.00251, 0.00179, 0.00124, 0.00085, 0.00057, 0.00037, 0.00024, 0.00015, 9e-05, 6e-05, 3e-05, 2e-05, 1e-05, 1e-05, 0.0, 0.0, 0.0, 0.0, 0.0, 0.0, 0.0, 0.0, 0.0, 0.0, 0.0, 0.0, 0.0, 0.0, 0.0, 0.0, 0.0, 0.0, 0.0, 0.0, 0.0, 0.0, 0.0, 0.0, 0.0, 0.0], [0.00011, 0.00017, 0.00026, 0.0004, 0.00059, 0.00087, 0.00124, 0.00175, 0.00242, 0.00327, 0.00434, 0.00565, 0.00721, 0.00903, 0.01109, 0.01335, 0.01576, 0.01824, 0.02071, 0.02306, 0.02518, 0.02696, 0.02831, 0.02915, 0.02944, 0.02915, 0.02831, 0.02696, 0.02518, 0.02306, 0.02071, 0.01824, 0.01576, 0.01335, 0.01109, 0.00903, 0.00721, 0.00565, 0.00434, 0.00327, 0.00242, 0.00175, 0.00124, 0.00087, 0.00059, 0.0004, 0.00026, 0.00017, 0.00011, 7e-05, 4e-05, 2e-05, 1e-05, 1e-05, 0.0, 0.0, 0.0, 0.0, 0.0, 0.0, 0.0, 0.0, 0.0, 0.0, 0.0, 0.0, 0.0, 0.0, 0.0, 0.0, 0.0, 0.0, 0.0, 0.0, 0.0, 0.0, 0.0, 0.0, 0.0, 0.0, 0.0], [7e-05, 0.00011, 0.00018, 0.00027, 0.0004, 0.00059, 0.00085, 0.0012, 0.00165, 0.00223, 0.00297, 0.00386, 0.00493, 0.00617, 0.00758, 0.00912, 0.01077, 0.01247, 0.01415, 0.01576, 0.01721, 0.01842, 0.01935, 0.01992, 0.02012, 0.01992, 0.01935, 0.01842, 0.01721, 0.01576, 0.01415, 0.01247, 0.01077, 0.00912, 0.00758, 0.00617, 0.00493, 0.00386, 0.00297, 0.00223, 0.00165, 0.0012, 0.00085, 0.00059, 0.0004, 0.00027, 0.00018, 0.00011, 7e-05, 4e-05, 3e-05, 2e-05, 1e-05, 1e-05, 0.0, 0.0, 0.0, 0.0, 0.0, 0.0, 0.0, 0.0, 0.0, 0.0, 0.0, 0.0, 0.0, 0.0, 0.0, 0.0, 0.0, 0.0, 0.0, 0.0, 0.0, 0.0, 0.0, 0.0, 0.0, 0.0, 0.0], [5e-05, 8e-05, 0.00012, 0.00018, 0.00027, 0.0004, 0.00057, 0.0008, 0.00111, 0.0015, 0.00199, 0.00259, 0.0033, 0.00413, 0.00508, 0.00611, 0.00721, 0.00835, 0.00948, 0.01056, 0.01153, 0.01234, 0.01296, 0.01335, 0.01348, 0.01335, 0.01296, 0.01234, 0.01153, 0.01056, 0.00948, 0.00835, 0.00721, 0.00611, 0.00508, 0.00413, 0.0033, 0.00259, 0.00199, 0.0015, 0.00111, 0.0008, 0.00057, 0.0004, 0.00027, 0.00018, 0.00012, 8e-05, 5e-05, 3e-05, 2e-05, 1e-05, 1e-05, 0.0, 0.0, 0.0, 0.0, 0.0, 0.0, 0.0, 0.0, 0.0, 0.0, 0.0, 0.0, 0.0, 0.0, 0.0, 0.0, 0.0, 0.0, 0.0, 0.0, 0.0, 0.0, 0.0, 0.0, 0.0, 0.0, 0.0, 0.0], [3e-05, 5e-05, 8e-05, 0.00012, 0.00018, 0.00026, 0.00037, 0.00053, 0.00073, 0.00098, 0.00131, 0.0017, 0.00217, 0.00272, 0.00334, 0.00402, 0.00474, 0.00549, 0.00623, 0.00694, 0.00758, 0.00811, 0.00852, 0.00877, 0.00886, 0.00877, 0.00852, 0.00811, 0.00758, 0.00694, 0.00623, 0.00549, 0.00474, 0.00402, 0.00334, 0.00272, 0.00217, 0.0017, 0.00131, 0.00098, 0.00073, 0.00053, 0.00037, 0.00026, 0.00018, 0.00012, 8e-05, 5e-05, 3e-05, 2e-05, 1e-05, 1e-05, 0.0, 0.0, 0.0, 0.0, 0.0, 0.0, 0.0, 0.0, 0.0, 0.0, 0.0, 0.0, 0.0, 0.0, 0.0, 0.0, 0.0, 0.0, 0.0, 0.0, 0.0, 0.0, 0.0, 0.0, 0.0, 0.0, 0.0, 0.0, 0.0], [2e-05, 3e-05, 5e-05, 8e-05, 0.00011, 0.00017, 0.00024, 0.00034, 0.00047, 0.00063, 0.00084, 0.0011, 0.0014, 0.00175, 0.00215, 0.00259, 0.00305, 0.00354, 0.00402, 0.00447, 0.00488, 0.00523, 0.00549, 0.00565, 0.00571, 0.00565, 0.00549, 0.00523, 0.00488, 0.00447, 0.00402, 0.00354, 0.00305, 0.00259, 0.00215, 0.00175, 0.0014, 0.0011, 0.00084, 0.00063, 0.00047, 0.00034, 0.00024, 0.00017, 0.00011, 8e-05, 5e-05, 3e-05, 2e-05, 1e-05, 1e-05, 0.0, 0.0, 0.0, 0.0, 0.0, 0.0, 0.0, 0.0, 0.0, 0.0, 0.0, 0.0, 0.0, 0.0, 0.0, 0.0, 0.0, 0.0, 0.0, 0.0, 0.0, 0.0, 0.0, 0.0, 0.0, 0.0, 0.0, 0.0, 0.0, 0.0], [1e-05, 2e-05, 3e-05, 5e-05, 7e-05, 0.00011, 0.00015, 0.00021, 0.0003, 0.0004, 0.00053, 0.00069, 0.00088, 0.00111, 0.00136, 0.00164, 0.00193, 0.00223, 0.00254, 0.00283, 0.00308, 0.0033, 0.00347, 0.00357, 0.00361, 0.00357, 0.00347, 0.0033, 0.00308, 0.00283, 0.00254, 0.00223, 0.00193, 0.00164, 0.00136, 0.00111, 0.00088, 0.00069, 0.00053, 0.0004, 0.0003, 0.00021, 0.00015, 0.00011, 7e-05, 5e-05, 3e-05, 2e-05, 1e-05, 1e-05, 0.0, 0.0, 0.0, 0.0, 0.0, 0.0, 0.0, 0.0, 0.0, 0.0, 0.0, 0.0, 0.0, 0.0, 0.0, 0.0, 0.0, 0.0, 0.0, 0.0, 0.0, 0.0, 0.0, 0.0, 0.0, 0.0, 0.0, 0.0, 0.0, 0.0, 0.0], [1e-05, 1e-05, 2e-05, 3e-05, 4e-05, 7e-05, 9e-05, 0.00013, 0.00018, 0.00025, 0.00033, 0.00043, 0.00055, 0.00069, 0.00084, 0.00101, 0.0012, 0.00139, 0.00157, 0.00175, 0.00191, 0.00205, 0.00215, 0.00221, 0.00223, 0.00221, 0.00215, 0.00205, 0.00191, 0.00175, 0.00157, 0.00139, 0.0012, 0.00101, 0.00084, 0.00069, 0.00055, 0.00043, 0.00033, 0.00025, 0.00018, 0.00013, 9e-05, 7e-05, 4e-05, 3e-05, 2e-05, 1e-05, 1e-05, 0.0, 0.0, 0.0, 0.0, 0.0, 0.0, 0.0, 0.0, 0.0, 0.0, 0.0, 0.0, 0.0, 0.0, 0.0, 0.0, 0.0, 0.0, 0.0, 0.0, 0.0, 0.0, 0.0, 0.0, 0.0, 0.0, 0.0, 0.0, 0.0, 0.0, 0.0, 0.0], [0.0, 1e-05, 1e-05, 2e-05, 3e-05, 4e-05, 6e-05, 8e-05, 0.00011, 0.00015, 0.0002, 0.00026, 0.00033, 0.00042, 0.00051, 0.00062, 0.00073, 0.00084, 0.00096, 0.00106, 0.00116, 0.00124, 0.00131, 0.00135, 0.00136, 0.00135, 0.00131, 0.00124, 0.00116, 0.00106, 0.00096, 0.00084, 0.00073, 0.00062, 0.00051, 0.00042, 0.00033, 0.00026, 0.0002, 0.00015, 0.00011, 8e-05, 6e-05, 4e-05, 3e-05, 2e-05, 1e-05, 1e-05, 0.0, 0.0, 0.0, 0.0, 0.0, 0.0, 0.0, 0.0, 0.0, 0.0, 0.0, 0.0, 0.0, 0.0, 0.0, 0.0, 0.0, 0.0, 0.0, 0.0, 0.0, 0.0, 0.0, 0.0, 0.0, 0.0, 0.0, 0.0, 0.0, 0.0, 0.0, 0.0, 0.0], [0.0, 0.0, 1e-05, 1e-05, 2e-05, 2e-05, 3e-05, 5e-05, 7e-05, 9e-05, 0.00012, 0.00016, 0.0002, 0.00025, 0.0003, 0.00037, 0.00043, 0.0005, 0.00057, 0.00063, 0.00069, 0.00074, 0.00078, 0.0008, 0.00081, 0.0008, 0.00078, 0.00074, 0.00069, 0.00063, 0.00057, 0.0005, 0.00043, 0.00037, 0.0003, 0.00025, 0.0002, 0.00016, 0.00012, 9e-05, 7e-05, 5e-05, 3e-05, 2e-05, 2e-05, 1e-05, 1e-05, 0.0, 0.0, 0.0, 0.0, 0.0, 0.0, 0.0, 0.0, 0.0, 0.0, 0.0, 0.0, 0.0, 0.0, 0.0, 0.0, 0.0, 0.0, 0.0, 0.0, 0.0, 0.0, 0.0, 0.0, 0.0, 0.0, 0.0, 0.0, 0.0, 0.0, 0.0, 0.0, 0.0, 0.0], [0.0, 0.0, 0.0, 1e-05, 1e-05, 1e-05, 2e-05, 3e-05, 4e-05, 5e-05, 7e-05, 9e-05, 0.00012, 0.00015, 0.00018, 0.00021, 0.00025, 0.00029, 0.00033, 0.00037, 0.0004, 0.00043, 0.00045, 0.00047, 0.00047, 0.00047, 0.00045, 0.00043, 0.0004, 0.00037, 0.00033, 0.00029, 0.00025, 0.00021, 0.00018, 0.00015, 0.00012, 9e-05, 7e-05, 5e-05, 4e-05, 3e-05, 2e-05, 1e-05, 1e-05, 1e-05, 0.0, 0.0, 0.0, 0.0, 0.0, 0.0, 0.0, 0.0, 0.0, 0.0, 0.0, 0.0, 0.0, 0.0, 0.0, 0.0, 0.0, 0.0, 0.0, 0.0, 0.0, 0.0, 0.0, 0.0, 0.0, 0.0, 0.0, 0.0, 0.0, 0.0, 0.0, 0.0, 0.0, 0.0, 0.0], [0.0, 0.0, 0.0, 0.0, 1e-05, 1e-05, 1e-05, 2e-05, 2e-05, 3e-05, 4e-05, 5e-05, 7e-05, 8e-05, 0.0001, 0.00012, 0.00015, 0.00017, 0.00019, 0.00021, 0.00023, 0.00025, 0.00026, 0.00027, 0.00027, 0.00027, 0.00026, 0.00025, 0.00023, 0.00021, 0.00019, 0.00017, 0.00015, 0.00012, 0.0001, 8e-05, 7e-05, 5e-05, 4e-05, 3e-05, 2e-05, 2e-05, 1e-05, 1e-05, 1e-05, 0.0, 0.0, 0.0, 0.0, 0.0, 0.0, 0.0, 0.0, 0.0, 0.0, 0.0, 0.0, 0.0, 0.0, 0.0, 0.0, 0.0, 0.0, 0.0, 0.0, 0.0, 0.0, 0.0, 0.0, 0.0, 0.0, 0.0, 0.0, 0.0, 0.0, 0.0, 0.0, 0.0, 0.0, 0.0, 0.0], [0.0, 0.0, 0.0, 0.0, 0.0, 0.0, 1e-05, 1e-05, 1e-05, 2e-05, 2e-05, 3e-05, 4e-05, 5e-05, 6e-05, 7e-05, 8e-05, 9e-05, 0.00011, 0.00012, 0.00013, 0.00014, 0.00015, 0.00015, 0.00015, 0.00015, 0.00015, 0.00014, 0.00013, 0.00012, 0.00011, 9e-05, 8e-05, 7e-05, 6e-05, 5e-05, 4e-05, 3e-05, 2e-05, 2e-05, 1e-05, 1e-05, 1e-05, 0.0, 0.0, 0.0, 0.0, 0.0, 0.0, 0.0, 0.0, 0.0, 0.0, 0.0, 0.0, 0.0, 0.0, 0.0, 0.0, 0.0, 0.0, 0.0, 0.0, 0.0, 0.0, 0.0, 0.0, 0.0, 0.0, 0.0, 0.0, 0.0, 0.0, 0.0, 0.0, 0.0, 0.0, 0.0, 0.0, 0.0, 0.0], [0.0, 0.0, 0.0, 0.0, 0.0, 0.0, 0.0, 0.0, 1e-05, 1e-05, 1e-05, 2e-05, 2e-05, 3e-05, 3e-05, 4e-05, 4e-05, 5e-05, 6e-05, 7e-05, 7e-05, 8e-05, 8e-05, 8e-05, 8e-05, 8e-05, 8e-05, 8e-05, 7e-05, 7e-05, 6e-05, 5e-05, 4e-05, 4e-05, 3e-05, 3e-05, 2e-05, 2e-05, 1e-05, 1e-05, 1e-05, 0.0, 0.0, 0.0, 0.0, 0.0, 0.0, 0.0, 0.0, 0.0, 0.0, 0.0, 0.0, 0.0, 0.0, 0.0, 0.0, 0.0, 0.0, 0.0, 0.0, 0.0, 0.0, 0.0, 0.0, 0.0, 0.0, 0.0, 0.0, 0.0, 0.0, 0.0, 0.0, 0.0, 0.0, 0.0, 0.0, 0.0, 0.0, 0.0, 0.0], [0.0, 0.0, 0.0, 0.0, 0.0, 0.0, 0.0, 0.0, 0.0, 1e-05, 1e-05, 1e-05, 1e-05, 1e-05, 2e-05, 2e-05, 2e-05, 3e-05, 3e-05, 4e-05, 4e-05, 4e-05, 4e-05, 4e-05, 5e-05, 4e-05, 4e-05, 4e-05, 4e-05, 4e-05, 3e-05, 3e-05, 2e-05, 2e-05, 2e-05, 1e-05, 1e-05, 1e-05, 1e-05, 1e-05, 0.0, 0.0, 0.0, 0.0, 0.0, 0.0, 0.0, 0.0, 0.0, 0.0, 0.0, 0.0, 0.0, 0.0, 0.0, 0.0, 0.0, 0.0, 0.0, 0.0, 0.0, 0.0, 0.0, 0.0, 0.0, 0.0, 0.0, 0.0, 0.0, 0.0, 0.0, 0.0, 0.0, 0.0, 0.0, 0.0, 0.0, 0.0, 0.0, 0.0, 0.0], [0.0, 0.0, 0.0, 0.0, 0.0, 0.0, 0.0, 0.0, 0.0, 0.0, 0.0, 0.0, 1e-05, 1e-05, 1e-05, 1e-05, 1e-05, 1e-05, 2e-05, 2e-05, 2e-05, 2e-05, 2e-05, 2e-05, 2e-05, 2e-05, 2e-05, 2e-05, 2e-05, 2e-05, 2e-05, 1e-05, 1e-05, 1e-05, 1e-05, 1e-05, 1e-05, 0.0, 0.0, 0.0, 0.0, 0.0, 0.0, 0.0, 0.0, 0.0, 0.0, 0.0, 0.0, 0.0, 0.0, 0.0, 0.0, 0.0, 0.0, 0.0, 0.0, 0.0, 0.0, 0.0, 0.0, 0.0, 0.0, 0.0, 0.0, 0.0, 0.0, 0.0, 0.0, 0.0, 0.0, 0.0, 0.0, 0.0, 0.0, 0.0, 0.0, 0.0, 0.0, 0.0, 0.0], [0.0, 0.0, 0.0, 0.0, 0.0, 0.0, 0.0, 0.0, 0.0, 0.0, 0.0, 0.0, 0.0, 0.0, 0.0, 1e-05, 1e-05, 1e-05, 1e-05, 1e-05, 1e-05, 1e-05, 1e-05, 1e-05, 1e-05, 1e-05, 1e-05, 1e-05, 1e-05, 1e-05, 1e-05, 1e-05, 1e-05, 1e-05, 0.0, 0.0, 0.0, 0.0, 0.0, 0.0, 0.0, 0.0, 0.0, 0.0, 0.0, 0.0, 0.0, 0.0, 0.0, 0.0, 0.0, 0.0, 0.0, 0.0, 0.0, 0.0, 0.0, 0.0, 0.0, 0.0, 0.0, 0.0, 0.0, 0.0, 0.0, 0.0, 0.0, 0.0, 0.0, 0.0, 0.0, 0.0, 0.0, 0.0, 0.0, 0.0, 0.0, 0.0, 0.0, 0.0, 0.0], [0.0, 0.0, 0.0, 0.0, 0.0, 0.0, 0.0, 0.0, 0.0, 0.0, 0.0, 0.0, 0.0, 0.0, 0.0, 0.0, 0.0, 0.0, 0.0, 0.0, 1e-05, 1e-05, 1e-05, 1e-05, 1e-05, 1e-05, 1e-05, 1e-05, 1e-05, 0.0, 0.0, 0.0, 0.0, 0.0, 0.0, 0.0, 0.0, 0.0, 0.0, 0.0, 0.0, 0.0, 0.0, 0.0, 0.0, 0.0, 0.0, 0.0, 0.0, 0.0, 0.0, 0.0, 0.0, 0.0, 0.0, 0.0, 0.0, 0.0, 0.0, 0.0, 0.0, 0.0, 0.0, 0.0, 0.0, 0.0, 0.0, 0.0, 0.0, 0.0, 0.0, 0.0, 0.0, 0.0, 0.0, 0.0, 0.0, 0.0, 0.0, 0.0, 0.0], [0.0, 0.0, 0.0, 0.0, 0.0, 0.0, 0.0, 0.0, 0.0, 0.0, 0.0, 0.0, 0.0, 0.0, 0.0, 0.0, 0.0, 0.0, 0.0, 0.0, 0.0, 0.0, 0.0, 0.0, 0.0, 0.0, 0.0, 0.0, 0.0, 0.0, 0.0, 0.0, 0.0, 0.0, 0.0, 0.0, 0.0, 0.0, 0.0, 0.0, 0.0, 0.0, 0.0, 0.0, 0.0, 0.0, 0.0, 0.0, 0.0, 0.0, 0.0, 0.0, 0.0, 0.0, 0.0, 0.0, 0.0, 0.0, 0.0, 0.0, 0.0, 0.0, 0.0, 0.0, 0.0, 0.0, 0.0, 0.0, 0.0, 0.0, 0.0, 0.0, 0.0, 0.0, 0.0, 0.0, 0.0, 0.0, 0.0, 0.0, 0.0], [0.0, 0.0, 0.0, 0.0, 0.0, 0.0, 0.0, 0.0, 0.0, 0.0, 0.0, 0.0, 0.0, 0.0, 0.0, 0.0, 0.0, 0.0, 0.0, 0.0, 0.0, 0.0, 0.0, 0.0, 0.0, 0.0, 0.0, 0.0, 0.0, 0.0, 0.0, 0.0, 0.0, 0.0, 0.0, 0.0, 0.0, 0.0, 0.0, 0.0, 0.0, 0.0, 0.0, 0.0, 0.0, 0.0, 0.0, 0.0, 0.0, 0.0, 0.0, 0.0, 0.0, 0.0, 0.0, 0.0, 0.0, 0.0, 0.0, 0.0, 0.0, 0.0, 0.0, 0.0, 0.0, 0.0, 0.0, 0.0, 0.0, 0.0, 0.0, 0.0, 0.0, 0.0, 0.0, 0.0, 0.0, 0.0, 0.0, 0.0, 0.0], [0.0, 0.0, 0.0, 0.0, 0.0, 0.0, 0.0, 0.0, 0.0, 0.0, 0.0, 0.0, 0.0, 0.0, 0.0, 0.0, 0.0, 0.0, 0.0, 0.0, 0.0, 0.0, 0.0, 0.0, 0.0, 0.0, 0.0, 0.0, 0.0, 0.0, 0.0, 0.0, 0.0, 0.0, 0.0, 0.0, 0.0, 0.0, 0.0, 0.0, 0.0, 0.0, 0.0, 0.0, 0.0, 0.0, 0.0, 0.0, 0.0, 0.0, 0.0, 0.0, 0.0, 0.0, 0.0, 0.0, 0.0, 0.0, 0.0, 0.0, 0.0, 0.0, 0.0, 0.0, 0.0, 0.0, 0.0, 0.0, 0.0, 0.0, 0.0, 0.0, 0.0, 0.0, 0.0, 0.0, 0.0, 0.0, 0.0, 0.0, 0.0], [0.0, 0.0, 0.0, 0.0, 0.0, 0.0, 0.0, 0.0, 0.0, 0.0, 0.0, 0.0, 0.0, 0.0, 0.0, 0.0, 0.0, 0.0, 0.0, 0.0, 0.0, 0.0, 0.0, 0.0, 0.0, 0.0, 0.0, 0.0, 0.0, 0.0, 0.0, 0.0, 0.0, 0.0, 0.0, 0.0, 0.0, 0.0, 0.0, 0.0, 0.0, 0.0, 0.0, 0.0, 0.0, 0.0, 0.0, 0.0, 0.0, 0.0, 0.0, 0.0, 0.0, 0.0, 0.0, 0.0, 0.0, 0.0, 0.0, 0.0, 0.0, 0.0, 0.0, 0.0, 0.0, 0.0, 0.0, 0.0, 0.0, 0.0, 0.0, 0.0, 0.0, 0.0, 0.0, 0.0, 0.0, 0.0, 0.0, 0.0, 0.0], [0.0, 0.0, 0.0, 0.0, 0.0, 0.0, 0.0, 0.0, 0.0, 0.0, 0.0, 0.0, 0.0, 0.0, 0.0, 0.0, 0.0, 0.0, 0.0, 0.0, 0.0, 0.0, 0.0, 0.0, 0.0, 0.0, 0.0, 0.0, 0.0, 0.0, 0.0, 0.0, 0.0, 0.0, 0.0, 0.0, 0.0, 0.0, 0.0, 0.0, 0.0, 0.0, 0.0, 0.0, 0.0, 0.0, 0.0, 0.0, 0.0, 0.0, 0.0, 0.0, 0.0, 0.0, 0.0, 0.0, 0.0, 0.0, 0.0, 0.0, 0.0, 0.0, 0.0, 0.0, 0.0, 0.0, 0.0, 0.0, 0.0, 0.0, 0.0, 0.0, 0.0, 0.0, 0.0, 0.0, 0.0, 0.0, 0.0, 0.0, 0.0], [0.0, 0.0, 0.0, 0.0, 0.0, 0.0, 0.0, 0.0, 0.0, 0.0, 0.0, 0.0, 0.0, 0.0, 0.0, 0.0, 0.0, 0.0, 0.0, 0.0, 0.0, 0.0, 0.0, 0.0, 0.0, 0.0, 0.0, 0.0, 0.0, 0.0, 0.0, 0.0, 0.0, 0.0, 0.0, 0.0, 0.0, 0.0, 0.0, 0.0, 0.0, 0.0, 0.0, 0.0, 0.0, 0.0, 0.0, 0.0, 0.0, 0.0, 0.0, 0.0, 0.0, 0.0, 0.0, 0.0, 0.0, 0.0, 0.0, 0.0, 0.0, 0.0, 0.0, 0.0, 0.0, 0.0, 0.0, 0.0, 0.0, 0.0, 0.0, 0.0, 0.0, 0.0, 0.0, 0.0, 0.0, 0.0, 0.0, 0.0, 0.0], [0.0, 0.0, 0.0, 0.0, 0.0, 0.0, 0.0, 0.0, 0.0, 0.0, 0.0, 0.0, 0.0, 0.0, 0.0, 0.0, 0.0, 0.0, 0.0, 0.0, 0.0, 0.0, 0.0, 0.0, 0.0, 0.0, 0.0, 0.0, 0.0, 0.0, 0.0, 0.0, 0.0, 0.0, 0.0, 0.0, 0.0, 0.0, 0.0, 0.0, 0.0, 0.0, 0.0, 0.0, 0.0, 0.0, 0.0, 0.0, 0.0, 0.0, 0.0, 0.0, 0.0, 0.0, 0.0, 0.0, 0.0, 0.0, 0.0, 0.0, 0.0, 0.0, 0.0, 0.0, 0.0, 0.0, 0.0, 0.0, 0.0, 0.0, 0.0, 0.0, 0.0, 0.0, 0.0, 0.0, 0.0, 0.0, 0.0, 0.0, 0.0], [0.0, 0.0, 0.0, 0.0, 0.0, 0.0, 0.0, 0.0, 0.0, 0.0, 0.0, 0.0, 0.0, 0.0, 0.0, 0.0, 0.0, 0.0, 0.0, 0.0, 0.0, 0.0, 0.0, 0.0, 0.0, 0.0, 0.0, 0.0, 0.0, 0.0, 0.0, 0.0, 0.0, 0.0, 0.0, 0.0, 0.0, 0.0, 0.0, 0.0, 0.0, 0.0, 0.0, 0.0, 0.0, 0.0, 0.0, 0.0, 0.0, 0.0, 0.0, 0.0, 0.0, 0.0, 0.0, 0.0, 0.0, 0.0, 0.0, 0.0, 0.0, 0.0, 0.0, 0.0, 0.0, 0.0, 0.0, 0.0, 0.0, 0.0, 0.0, 0.0, 0.0, 0.0, 0.0, 0.0, 0.0, 0.0, 0.0, 0.0, 0.0], [0.0, 0.0, 0.0, 0.0, 0.0, 0.0, 0.0, 0.0, 0.0, 0.0, 0.0, 0.0, 0.0, 0.0, 0.0, 0.0, 0.0, 0.0, 0.0, 0.0, 0.0, 0.0, 0.0, 0.0, 0.0, 0.0, 0.0, 0.0, 0.0, 0.0, 0.0, 0.0, 0.0, 0.0, 0.0, 0.0, 0.0, 0.0, 0.0, 0.0, 0.0, 0.0, 0.0, 0.0, 0.0, 0.0, 0.0, 0.0, 0.0, 0.0, 0.0, 0.0, 0.0, 0.0, 0.0, 0.0, 0.0, 0.0, 0.0, 0.0, 0.0, 0.0, 0.0, 0.0, 0.0, 0.0, 0.0, 0.0, 0.0, 0.0, 0.0, 0.0, 0.0, 0.0, 0.0, 0.0, 0.0, 0.0, 0.0, 0.0, 0.0], [0.0, 0.0, 0.0, 0.0, 0.0, 0.0, 0.0, 0.0, 0.0, 0.0, 0.0, 0.0, 0.0, 0.0, 0.0, 0.0, 0.0, 0.0, 0.0, 0.0, 0.0, 0.0, 0.0, 0.0, 0.0, 0.0, 0.0, 0.0, 0.0, 0.0, 0.0, 0.0, 0.0, 0.0, 0.0, 0.0, 0.0, 0.0, 0.0, 0.0, 0.0, 0.0, 0.0, 0.0, 0.0, 0.0, 0.0, 0.0, 0.0, 0.0, 0.0, 0.0, 0.0, 0.0, 0.0, 0.0, 0.0, 0.0, 0.0, 0.0, 0.0, 0.0, 0.0, 0.0, 0.0, 0.0, 0.0, 0.0, 0.0, 0.0, 0.0, 0.0, 0.0, 0.0, 0.0, 0.0, 0.0, 0.0, 0.0, 0.0, 0.0], [0.0, 0.0, 0.0, 0.0, 0.0, 0.0, 0.0, 0.0, 0.0, 0.0, 0.0, 0.0, 0.0, 0.0, 0.0, 0.0, 0.0, 0.0, 0.0, 0.0, 0.0, 0.0, 0.0, 0.0, 0.0, 0.0, 0.0, 0.0, 0.0, 0.0, 0.0, 0.0, 0.0, 0.0, 0.0, 0.0, 0.0, 0.0, 0.0, 0.0, 0.0, 0.0, 0.0, 0.0, 0.0, 0.0, 0.0, 0.0, 0.0, 0.0, 0.0, 0.0, 0.0, 0.0, 0.0, 0.0, 0.0, 0.0, 0.0, 0.0, 0.0, 0.0, 0.0, 0.0, 0.0, 0.0, 0.0, 0.0, 0.0, 0.0, 0.0, 0.0, 0.0, 0.0, 0.0, 0.0, 0.0, 0.0, 0.0, 0.0, 0.0], [0.0, 0.0, 0.0, 0.0, 0.0, 0.0, 0.0, 0.0, 0.0, 0.0, 0.0, 0.0, 0.0, 0.0, 0.0, 0.0, 0.0, 0.0, 0.0, 0.0, 0.0, 0.0, 0.0, 0.0, 0.0, 0.0, 0.0, 0.0, 0.0, 0.0, 0.0, 0.0, 0.0, 0.0, 0.0, 0.0, 0.0, 0.0, 0.0, 0.0, 0.0, 0.0, 0.0, 0.0, 0.0, 0.0, 0.0, 0.0, 0.0, 0.0, 0.0, 0.0, 0.0, 0.0, 0.0, 0.0, 0.0, 0.0, 0.0, 0.0, 0.0, 0.0, 0.0, 0.0, 0.0, 0.0, 0.0, 0.0, 0.0, 0.0, 0.0, 0.0, 0.0, 0.0, 0.0, 0.0, 0.0, 0.0, 0.0, 0.0, 0.0], [0.0, 0.0, 0.0, 0.0, 0.0, 0.0, 0.0, 0.0, 0.0, 0.0, 0.0, 0.0, 0.0, 0.0, 0.0, 0.0, 0.0, 0.0, 0.0, 0.0, 0.0, 0.0, 0.0, 0.0, 0.0, 0.0, 0.0, 0.0, 0.0, 0.0, 0.0, 0.0, 0.0, 0.0, 0.0, 0.0, 0.0, 0.0, 0.0, 0.0, 0.0, 0.0, 0.0, 0.0, 0.0, 0.0, 0.0, 0.0, 0.0, 0.0, 0.0, 0.0, 0.0, 0.0, 0.0, 0.0, 0.0, 0.0, 0.0, 0.0, 0.0, 0.0, 0.0, 0.0, 0.0, 0.0, 0.0, 0.0, 0.0, 0.0, 0.0, 0.0, 0.0, 0.0, 0.0, 0.0, 0.0, 0.0,