{"schema":"pinnlab.compare/v1","case_id":"ind-helmholtz","dims":["x","y"],"axes":{"x":[0.0,0.0125,0.025,0.0375,0.05,0.0625,0.075,0.0875,0.1,0.1125,0.125,0.1375,0.15,0.1625,0.175,0.1875,0.2,0.2125,0.225,0.2375,0.25,0.2625,0.275,0.2875,0.3,0.3125,0.325,0.3375,0.35,0.3625,0.375,0.3875,0.4,0.4125,0.425,0.4375,0.45,0.4625,0.475,0.4875,0.5,0.5125,0.525,0.5375,0.55,0.5625,0.575,0.5875,0.6,0.6125,0.625,0.6375,0.65,0.6625,0.675,0.6875,0.7,0.7125,0.725,0.7375,0.75,0.7625,0.775,0.7875,0.8,0.8125,0.825,0.8375,0.85,0.8625,0.875,0.8875,0.9,0.9125,0.925,0.9375,0.95,0.9625,0.975,0.9875,1.0],"y":[0.0,0.0125,0.025,0.0375,0.05,0.0625,0.075,0.0875,0.1,0.1125,0.125,0.1375,0.15,0.1625,0.175,0.1875,0.2,0.2125,0.225,0.2375,0.25,0.2625,0.275,0.2875,0.3,0.3125,0.325,0.3375,0.35,0.3625,0.375,0.3875,0.4,0.4125,0.425,0.4375,0.45,0.4625,0.475,0.4875,0.5,0.5125,0.525,0.5375,0.55,0.5625,0.575,0.5875,0.6,0.6125,0.625,0.6375,0.65,0.6625,0.675,0.6875,0.7,0.7125,0.725,0.7375,0.75,0.7625,0.775,0.7875,0.8,0.8125,0.825,0.8375,0.85,0.8625,0.875,0.8875,0.9,0.9125,0.925,0.9375,0.95,0.9625,0.975,0.9875,1.0]},"fields":{"standard":[[0.0,0.0,0.0,0.0,0.0,0.0,0.0,0.0,0.0,0.0,0.0,0.0,0.0,0.0,0.0,0.0,0.0,0.0,0.0,0.0,0.0,0.0,0.0,0.0,0.0,0.0,0.0,0.0,0.0,0.0,0.0,0.0,0.0,0.0,0.0,0.0,0.0,0.0,0.0,0.0,0.0,0.0,0.0,0.0,0.0,0.0,0.0,0.0,0.0,0.0,0.0,0.0,0.0,0.0,0.0,0.0,0.0,0.0,0.0,0.0,0.0,0.0,0.0,0.0,0.0,0.0,0.0,0.0,0.0,0.0,0.0,0.0,0.0,0.0,0.0,0.0,0.0,0.0,0.0,0.0,0.0],[0.0,0.055,0.10697,0.15302,0.19062,0.21769,0.23272,0.2349,0.22409,0.2009,0.16661,0.12311,0.07281,0.01849,-0.03686,-0.09017,-0.13849,-0.17917,-0.20994,-0.22911,-0.23562,-0.22911,-0.20994,-0.17917,-0.13849,-0.09017,-0.03686,0.01849,0.07281,0.12311,0.16661,0.2009,0.22409,0.2349,0.23272,0.21769,0.19062,0.15302,0.10697,0.055,0.0,-0.055,-0.10697,-0.15302,-0.19062,-0.21769,-0.23272,-0.2349,-0.22409,-0.2009,-0.16661,-0.12311,-0.07281,-0.01849,0.03686,0.09017,0.13849,0.17917,0.20994,0.22911,0.23562,0.22911,0.20994,0.17917,0.13849,0.09017,0.03686,-0.01849,-0.07281,-0.12311,-0.16661,-0.2009,-0.22409,-0.2349,-0.23272,-0.21769,-0.19062,-0.15302,-0.10697,-0.055,0.0],[0.0,0.10697,0.20803,0.29759,0.37071,0.42334,0.45258,0.45681,0.4358,0.3907,0.32401,0.23942,0.1416,0.03595,-0.07168,-0.17535,-0.26934,-0.34844,-0.40828,-0.44556,-0.45822,-0.44556,-0.40828,-0.34844,-0.26934,-0.17535,-0.07168,0.03595,0.1416,0.23942,0.32401,0.3907,0.4358,0.45681,0.45258,0.42334,0.37071,0.29759,0.20803,0.10697,0.0,-0.10697,-0.20803,-0.29759,-0.37071,-0.42334,-0.45258,-0.45681,-0.4358,-0.3907,-0.32401,-0.23942,-0.1416,-0.03595,0.07168,0.17535,0.26934,0.34844,0.40828,0.44556,0.45822,0.44556,0.40828,0.34844,0.26934,0.17535,0.07168,-0.03595,-0.1416,-0.23942,-0.32401,-0.3907,-0.4358,-0.45681,-0.45258,-0.42334,-0.37071,-0.29759,-0.20803,-0.10697,0.0],[0.0,0.15302,0.29759,0.42571,0.53031,0.6056,0.64743,0.65348,0.62342,0.55891,0.46351,0.3425,0.20256,0.05143,-0.10254,-0.25085,-0.38529,-0.49845,-0.58406,-0.63739,-0.6555,-0.63739,-0.58406,-0.49845,-0.38529,-0.25085,-0.10254,0.05143,0.20256,0.3425,0.46351,0.55891,0.62342,0.65348,0.64743,0.6056,0.53031,0.42571,0.29759,0.15302,0.0,-0.15302,-0.29759,-0.42571,-0.53031,-0.6056,-0.64743,-0.65348,-0.62342,-0.55891,-0.46351,-0.3425,-0.20256,-0.05143,0.10254,0.25085,0.38529,0.49845,0.58406,0.63739,0.6555,0.63739,0.58406,0.49845,0.38529,0.25085,0.10254,-0.05143,-0.20256,-0.3425,-0.46351,-0.55891,-0.62342,-0.65348,-0.64743,-0.6056,-0.53031,-0.42571,-0.29759,-0.15302,0.0],[0.0,0.19062,0.37071,0.53031,0.66061,0.7544,0.80651,0.81404,0.77659,0.69623,0.57739,0.42665,0.25233,0.06407,-0.12774,-0.31248,-0.47996,-0.62092,-0.72756,-0.794,-0.81656,-0.794,-0.72756,-0.62092,-0.47996,-0.31248,-0.12774,0.06407,0.25233,0.42665,0.57739,0.69623,0.77659,0.81404,0.80651,0.7544,0.66061,0.53031,0.37071,0.19062,0.0,-0.19062,-0.37071,-0.53031,-0.66061,-0.7544,-0.80651,-0.81404,-0.77659,-0.69623,-0.57739,-0.42665,-0.25233,-0.06407,0.12774,0.31248,0.47996,0.62092,0.72756,0.794,0.81656,0.794,0.72756,0.62092,0.47996,0.31248,0.12774,-0.06407,-0.25233,-0.42665,-0.57739,-0.69623,-0.77659,-0.81404,-0.80651,-0.7544,-0.66061,-0.53031,-0.37071,-0.19062,0.0],[0.0,0.21769,0.42334,0.6056,0.7544,0.86151,0.92101,0.92962,0.88685,0.79508,0.65937,0.48723,0.28816,0.07316,-0.14587,-0.35685,-0.5481,-0.70907,-0.83086,-0.90673,-0.93249,-0.90673,-0.83086,-0.70907,-0.5481,-0.35685,-0.14587,0.07316,0.28816,0.48723,0.65937,0.79508,0.88685,0.92962,0.92101,0.86151,0.7544,0.6056,0.42334,0.21769,0.0,-0.21769,-0.42334,-0.6056,-0.7544,-0.86151,-0.92101,-0.92962,-0.88685,-0.79508,-0.65937,-0.48723,-0.28816,-0.07316,0.14587,0.35685,0.5481,0.70907,0.83086,0.90673,0.93249,0.90673,0.83086,0.70907,0.5481,0.35685,0.14587,-0.07316,-0.28816,-0.48723,-0.65937,-0.79508,-0.88685,-0.92962,-0.92101,-0.86151,-0.7544,-0.6056,-0.42334,-0.21769,0.0],[0.0,0.23272,0.45258,0.64743,0.80651,0.92101,0.98462,0.99382,0.9481,0.84999,0.70491,0.52088,0.30806,0.07822,-0.15595,-0.3815,-0.58596,-0.75805,-0.88824,-0.96935,-0.9969,-0.96935,-0.88824,-0.75805,-0.58596,-0.3815,-0.15595,0.07822,0.30806,0.52088,0.70491,0.84999,0.9481,0.99382,0.98462,0.92101,0.80651,0.64743,0.45258,0.23272,0.0,-0.23272,-0.45258,-0.64743,-0.80651,-0.92101,-0.98462,-0.99382,-0.9481,-0.84999,-0.70491,-0.52088,-0.30806,-0.07822,0.15595,0.3815,0.58596,0.75805,0.88824,0.96935,0.9969,0.96935,0.88824,0.75805,0.58596,0.3815,0.15595,-0.07822,-0.30806,-0.52088,-0.70491,-0.84999,-0.9481,-0.99382,-0.98462,-0.92101,-0.80651,-0.64743,-0.45258,-0.23272,0.0],[0.0,0.2349,0.45681,0.65348,0.81404,0.92962,0.99382,1.00311,0.95696,0.85794,0.7115,0.52574,0.31094,0.07895,-0.15741,-0.38506,-0.59144,-0.76513,-0.89654,-0.97841,-1.00621,-0.97841,-0.89654,-0.76513,-0.59144,-0.38506,-0.15741,0.07895,0.31094,0.52574,0.7115,0.85794,0.95696,1.00311,0.99382,0.92962,0.81404,0.65348,0.45681,0.2349,0.0,-0.2349,-0.45681,-0.65348,-0.81404,-0.92962,-0.99382,-1.00311,-0.95696,-0.85794,-0.7115,-0.52574,-0.31094,-0.07895,0.15741,0.38506,0.59144,0.76513,0.89654,0.97841,1.00621,0.97841,0.89654,0.76513,0.59144,0.38506,0.15741,-0.07895,-0.31094,-0.52574,-0.7115,-0.85794,-0.95696,-1.00311,-0.99382,-0.92962,-0.81404,-0.65348,-0.45681,-0.2349,0.0],[0.0,0.22409,0.4358,0.62342,0.77659,0.88685,0.9481,0.95696,0.91294,0.81847,0.67877,0.50156,0.29663,0.07531,-0.15016,-0.36735,-0.56423,-0.72993,-0.8553,-0.9334,-0.95992,-0.9334,-0.8553,-0.72993,-0.56423,-0.36735,-0.15016,0.07531,0.29663,0.50156,0.67877,0.81847,0.91294,0.95696,0.9481,0.88685,0.77659,0.62342,0.4358,0.22409,0.0,-0.22409,-0.4358,-0.62342,-0.77659,-0.88685,-0.9481,-0.95696,-0.91294,-0.81847,-0.67877,-0.50156,-0.29663,-0.07531,0.15016,0.36735,0.56423,0.72993,0.8553,0.9334,0.95992,0.9334,0.8553,0.72993,0.56423,0.36735,0.15016,-0.07531,-0.29663,-0.50156,-0.67877,-0.81847,-0.91294,-0.95696,-0.9481,-0.88685,-0.77659,-0.62342,-0.4358,-0.22409,0.0],[0.0,0.2009,0.3907,0.55891,0.69623,0.79508,0.84999,0.85794,0.81847,0.73377,0.60853,0.44966,0.26594,0.06752,-0.13463,-0.32933,-0.50584,-0.6544,-0.76679,-0.83681,-0.86059,-0.83681,-0.76679,-0.6544,-0.50584,-0.32933,-0.13463,0.06752,0.26594,0.44966,0.60853,0.73377,0.81847,0.85794,0.84999,0.79508,0.69623,0.55891,0.3907,0.2009,0.0,-0.2009,-0.3907,-0.55891,-0.69623,-0.79508,-0.84999,-0.85794,-0.81847,-0.73377,-0.60853,-0.44966,-0.26594,-0.06752,0.13463,0.32933,0.50584,0.6544,0.76679,0.83681,0.86059,0.83681,0.76679,0.6544,0.50584,0.32933,0.13463,-0.06752,-0.26594,-0.44966,-0.60853,-0.73377,-0.81847,-0.85794,-0.84999,-0.79508,-0.69623,-0.55891,-0.3907,-0.2009,0.0],[0.0,0.16661,0.32401,0.46351,0.57739,0.65937,0.70491,0.7115,0.67877,0.60853,0.50466,0.37291,0.22054,0.056,-0.11165,-0.27312,-0.4195,-0.5427,-0.63591,-0.69398,-0.7137,-0.69398,-0.63591,-0.5427,-0.4195,-0.27312,-0.11165,0.056,0.22054,0.37291,0.50466,0.60853,0.67877,0.7115,0.70491,0.65937,0.57739,0.46351,0.32401,0.16661,0.0,-0.16661,-0.32401,-0.46351,-0.57739,-0.65937,-0.70491,-0.7115,-0.67877,-0.60853,-0.50466,-0.37291,-0.22054,-0.056,0.11165,0.27312,0.4195,0.5427,0.63591,0.69398,0.7137,0.69398,0.63591,0.5427,0.4195,0.27312,0.11165,-0.056,-0.22054,-0.37291,-0.50466,-0.60853,-0.67877,-0.7115,-0.70491,-0.65937,-0.57739,-0.46351,-0.32401,-0.16661,0.0],[0.0,0.12311,0.23942,0.3425,0.42665,0.48723,0.52088,0.52574,0.50156,0.44966,0.37291,0.27555,0.16297,0.04138,-0.0825,-0.20182,-0.30998,-0.40101,-0.46989,-0.5128,-0.52737,-0.5128,-0.46989,-0.40101,-0.30998,-0.20182,-0.0825,0.04138,0.16297,0.27555,0.37291,0.44966,0.50156,0.52574,0.52088,0.48723,0.42665,0.3425,0.23942,0.12311,0.0,-0.12311,-0.23942,-0.3425,-0.42665,-0.48723,-0.52088,-0.52574,-0.50156,-0.44966,-0.37291,-0.27555,-0.16297,-0.04138,0.0825,0.20182,0.30998,0.40101,0.46989,0.5128,0.52737,0.5128,0.46989,0.40101,0.30998,0.20182,0.0825,-0.04138,-0.16297,-0.27555,-0.37291,-0.44966,-0.50156,-0.52574,-0.52088,-0.48723,-0.42665,-0.3425,-0.23942,-0.12311,0.0],[0.0,0.07281,0.1416,0.20256,0.25233,0.28816,0.30806,0.31094,0.29663,0.26594,0.22054,0.16297,0.09638,0.02447,-0.04879,-0.11936,-0.18333,-0.23717,-0.2779,-0.30328,-0.3119,-0.30328,-0.2779,-0.23717,-0.18333,-0.11936,-0.04879,0.02447,0.09638,0.16297,0.22054,0.26594,0.29663,0.31094,0.30806,0.28816,0.25233,0.20256,0.1416,0.07281,0.0,-0.07281,-0.1416,-0.20256,-0.25233,-0.28816,-0.30806,-0.31094,-0.29663,-0.26594,-0.22054,-0.16297,-0.09638,-0.02447,0.04879,0.11936,0.18333,0.23717,0.2779,0.30328,0.3119,0.30328,0.2779,0.23717,0.18333,0.11936,0.04879,-0.02447,-0.09638,-0.16297,-0.22054,-0.26594,-0.29663,-0.31094,-0.30806,-0.28816,-0.25233,-0.20256,-0.1416,-0.07281,0.0],[0.0,0.01849,0.03595,0.05143,0.06407,0.07316,0.07822,0.07895,0.07531,0.06752,0.056,0.04138,0.02447,0.00621,-0.01239,-0.0303,-0.04655,-0.06022,-0.07056,-0.077,-0.07919,-0.077,-0.07056,-0.06022,-0.04655,-0.0303,-0.01239,0.00621,0.02447,0.04138,0.056,0.06752,0.07531,0.07895,0.07822,0.07316,0.06407,0.05143,0.03595,0.01849,0.0,-0.01849,-0.03595,-0.05143,-0.06407,-0.07316,-0.07822,-0.07895,-0.07531,-0.06752,-0.056,-0.04138,-0.02447,-0.00621,0.01239,0.0303,0.04655,0.06022,0.07056,0.077,0.07919,0.077,0.07056,0.06022,0.04655,0.0303,0.01239,-0.00621,-0.02447,-0.04138,-0.056,-0.06752,-0.07531,-0.07895,-0.07822,-0.07316,-0.06407,-0.05143,-0.03595,-0.01849,0.0],[0.0,-0.03686,-0.07168,-0.10254,-0.12774,-0.14587,-0.15595,-0.15741,-0.15016,-0.13463,-0.11165,-0.0825,-0.04879,-0.01239,0.0247,0.06042,0.09281,0.12006,0.14068,0.15353,0.15789,0.15353,0.14068,0.12006,0.09281,0.06042,0.0247,-0.01239,-0.04879,-0.0825,-0.11165,-0.13463,-0.15016,-0.15741,-0.15595,-0.14587,-0.12774,-0.10254,-0.07168,-0.03686,0.0,0.03686,0.07168,0.10254,0.12774,0.14587,0.15595,0.15741,0.15016,0.13463,0.11165,0.0825,0.04879,0.01239,-0.0247,-0.06042,-0.09281,-0.12006,-0.14068,-0.15353,-0.15789,-0.15353,-0.14068,-0.12006,-0.09281,-0.06042,-0.0247,0.01239,0.04879,0.0825,0.11165,0.13463,0.15016,0.15741,0.15595,0.14587,0.12774,0.10254,0.07168,0.03686,0.0],[0.0,-0.09017,-0.17535,-0.25085,-0.31248,-0.35685,-0.3815,-0.38506,-0.36735,-0.32933,-0.27312,-0.20182,-0.11936,-0.0303,0.06042,0.14781,0.22703,0.29371,0.34415,0.37558,0.38625,0.37558,0.34415,0.29371,0.22703,0.14781,0.06042,-0.0303,-0.11936,-0.20182,-0.27312,-0.32933,-0.36735,-0.38506,-0.3815,-0.35685,-0.31248,-0.25085,-0.17535,-0.09017,0.0,0.09017,0.17535,0.25085,0.31248,0.35685,0.3815,0.38506,0.36735,0.32933,0.27312,0.20182,0.11936,0.0303,-0.06042,-0.14781,-0.22703,-0.29371,-0.34415,-0.37558,-0.38625,-0.37558,-0.34415,-0.29371,-0.22703,-0.14781,-0.06042,0.0303,0.11936,0.20182,0.27312,0.32933,0.36735,0.38506,0.3815,0.35685,0.31248,0.25085,0.17535,0.09017,0.0],[0.0,-0.13849,-0.26934,-0.38529,-0.47996,-0.5481,-0.58596,-0.59144,-0.56423,-0.50584,-0.4195,-0.30998,-0.18333,-0.04655,0.09281,0.22703,0.34871,0.45112,0.5286,0.57687,0.59326,0.57687,0.5286,0.45112,0.34871,0.22703,0.09281,-0.04655,-0.18333,-0.30998,-0.4195,-0.50584,-0.56423,-0.59144,-0.58596,-0.5481,-0.47996,-0.38529,-0.26934,-0.13849,0.0,0.13849,0.26934,0.38529,0.47996,0.5481,0.58596,0.59144,0.56423,0.50584,0.4195,0.30998,0.18333,0.04655,-0.09281,-0.22703,-0.34871,-0.45112,-0.5286,-0.57687,-0.59326,-0.57687,-0.5286,-0.45112,-0.34871,-0.22703,-0.09281,0.04655,0.18333,0.30998,0.4195,0.50584,0.56423,0.59144,0.58596,0.5481,0.47996,0.38529,0.26934,0.13849,0.0],[0.0,-0.17917,-0.34844,-0.49845,-0.62092,-0.70907,-0.75805,-0.76513,-0.72993,-0.6544,-0.5427,-0.40101,-0.23717,-0.06022,0.12006,0.29371,0.45112,0.58361,0.68384,0.74629,0.76749,0.74629,0.68384,0.58361,0.45112,0.29371,0.12006,-0.06022,-0.23717,-0.40101,-0.5427,-0.6544,-0.72993,-0.76513,-0.75805,-0.70907,-0.62092,-0.49845,-0.34844,-0.17917,-0.0,0.17917,0.34844,0.49845,0.62092,0.70907,0.75805,0.76513,0.72993,0.6544,0.5427,0.40101,0.23717,0.06022,-0.12006,-0.29371,-0.45112,-0.58361,-0.68384,-0.74629,-0.76749,-0.74629,-0.68384,-0.58361,-0.45112,-0.29371,-0.12006,0.06022,0.23717,0.40101,0.5427,0.6544,0.72993,0.76513,0.75805,0.70907,0.62092,0.49845,0.34844,0.17917,0.0],[0.0,-0.20994,-0.40828,-0.58406,-0.72756,-0.83086,-0.88824,-0.89654,-0.8553,-0.76679,-0.63591,-0.46989,-0.2779,-0.07056,0.14068,0.34415,0.5286,0.68384,0.80129,0.87446,0.89931,0.87446,0.80129,0.68384,0.5286,0.34415,0.14068,-0.07056,-0.2779,-0.46989,-0.63591,-0.76679,-0.8553,-0.89654,-0.88824,-0.83086,-0.72756,-0.58406,-0.40828,-0.20994,-0.0,0.20994,0.40828,0.58406,0.72756,0.83086,0.88824,0.89654,0.8553,0.76679,0.63591,0.46989,0.2779,0.07056,-0.14068,-0.34415,-0.5286,-0.68384,-0.80129,-0.87446,-0.89931,-0.87446,-0.80129,-0.68384,-0.5286,-0.34415,-0.14068,0.07056,0.2779,0.46989,0.63591,0.76679,0.8553,0.89654,0.88824,0.83086,0.72756,0.58406,0.40828,0.20994,0.0],[0.0,-0.22911,-0.44556,-0.63739,-0.794,-0.90673,-0.96935,-0.97841,-0.9334,-0.83681,-0.69398,-0.5128,-0.30328,-0.077,0.15353,0.37558,0.57687,0.74629,0.87446,0.95432,0.98143,0.95432,0.87446,0.74629,0.57687,0.37558,0.15353,-0.077,-0.30328,-0.5128,-0.69398,-0.83681,-0.9334,-0.97841,-0.96935,-0.90673,-0.794,-0.63739,-0.44556,-0.22911,-0.0,0.22911,0.44556,0.63739,0.794,0.90673,0.96935,0.97841,0.9334,0.83681,0.69398,0.5128,0.30328,0.077,-0.15353,-0.37558,-0.57687,-0.74629,-0.87446,-0.95432,-0.98143,-0.95432,-0.87446,-0.74629,-0.57687,-0.37558,-0.15353,0.077,0.30328,0.5128,0.69398,0.83681,0.9334,0.97841,0.96935,0.90673,0.794,0.63739,0.44556,0.22911,0.0],[0.0,-0.23562,-0.45822,-0.6555,-0.81656,-0.93249,-0.9969,-1.00621,-0.95992,-0.86059,-0.7137,-0.52737,-0.3119,-0.07919,0.15789,0.38625,0.59326,0.76749,0.89931,0.98143,1.00932,0.98143,0.89931,0.76749,0.59326,0.38625,0.15789,-0.07919,-0.3119,-0.52737,-0.7137,-0.86059,-0.95992,-1.00621,-0.9969,-0.93249,-0.81656,-0.6555,-0.45822,-0.23562,-0.0,0.23562,0.45822,0.6555,0.81656,0.93249,0.9969,1.00621,0.95992,0.86059,0.7137,0.52737,0.3119,0.07919,-0.15789,-0.38625,-0.59326,-0.76749,-0.89931,-0.98143,-1.00932,-0.98143,-0.89931,-0.76749,-0.59326,-0.38625,-0.15789,0.07919,0.3119,0.52737,0.7137,0.86059,0.95992,1.00621,0.9969,0.93249,0.81656,0.6555,0.45822,0.23562,0.0],[0.0,-0.22911,-0.44556,-0.63739,-0.794,-0.90673,-0.96935,-0.97841,-0.9334,-0.83681,-0.69398,-0.5128,-0.30328,-0.077,0.15353,0.37558,0.57687,0.74629,0.87446,0.95432,0.98143,0.95432,0.87446,0.74629,0.57687,0.37558,0.15353,-0.077,-0.30328,-0.5128,-0.69398,-0.83681,-0.9334,-0.97841,-0.96935,-0.90673,-0.794,-0.63739,-0.44556,-0.22911,-0.0,0.22911,0.44556,0.63739,0.794,0.90673,0.96935,0.97841,0.9334,0.83681,0.69398,0.5128,0.30328,0.077,-0.15353,-0.37558,-0.57687,-0.74629,-0.87446,-0.95432,-0.98143,-0.95432,-0.87446,-0.74629,-0.57687,-0.37558,-0.15353,0.077,0.30328,0.5128,0.69398,0.83681,0.9334,0.97841,0.96935,0.90673,0.794,0.63739,0.44556,0.22911,0.0],[0.0,-0.20994,-0.40828,-0.58406,-0.72756,-0.83086,-0.88824,-0.89654,-0.8553,-0.76679,-0.63591,-0.46989,-0.2779,-0.07056,0.14068,0.34415,0.5286,0.68384,0.80129,0.87446,0.89931,0.87446,0.80129,0.68384,0.5286,0.34415,0.14068,-0.07056,-0.2779,-0.46989,-0.63591,-0.76679,-0.8553,-0.89654,-0.88824,-0.83086,-0.72756,-0.58406,-0.40828,-0.20994,-0.0,0.20994,0.40828,0.58406,0.72756,0.83086,0.88824,0.89654,0.8553,0.76679,0.63591,0.46989,0.2779,0.07056,-0.14068,-0.34415,-0.5286,-0.68384,-0.80129,-0.87446,-0.89931,-0.87446,-0.80129,-0.68384,-0.5286,-0.34415,-0.14068,0.07056,0.2779,0.46989,0.63591,0.76679,0.8553,0.89654,0.88824,0.83086,0.72756,0.58406,0.40828,0.20994,0.0],[0.0,-0.17917,-0.34844,-0.49845,-0.62092,-0.70907,-0.75805,-0.76513,-0.72993,-0.6544,-0.5427,-0.40101,-0.23717,-0.06022,0.12006,0.29371,0.45112,0.58361,0.68384,0.74629,0.76749,0.74629,0.68384,0.58361,0.45112,0.29371,0.12006,-0.06022,-0.23717,-0.40101,-0.5427,-0.6544,-0.72993,-0.76513,-0.75805,-0.70907,-0.62092,-0.49845,-0.34844,-0.17917,-0.0,0.17917,0.34844,0.49845,0.62092,0.70907,0.75805,0.76513,0.72993,0.6544,0.5427,0.40101,0.23717,0.06022,-0.12006,-0.29371,-0.45112,-0.58361,-0.68384,-0.74629,-0.76749,-0.74629,-0.68384,-0.58361,-0.45112,-0.29371,-0.12006,0.06022,0.23717,0.40101,0.5427,0.6544,0.72993,0.76513,0.75805,0.70907,0.62092,0.49845,0.34844,0.17917,0.0],[0.0,-0.13849,-0.26934,-0.38529,-0.47996,-0.5481,-0.58596,-0.59144,-0.56423,-0.50584,-0.4195,-0.30998,-0.18333,-0.04655,0.09281,0.22703,0.34871,0.45112,0.5286,0.57687,0.59326,0.57687,0.5286,0.45112,0.34871,0.22703,0.09281,-0.04655,-0.18333,-0.30998,-0.4195,-0.50584,-0.56423,-0.59144,-0.58596,-0.5481,-0.47996,-0.38529,-0.26934,-0.13849,-0.0,0.13849,0.26934,0.38529,0.47996,0.5481,0.58596,0.59144,0.56423,0.50584,0.4195,0.30998,0.18333,0.04655,-0.09281,-0.22703,-0.34871,-0.45112,-0.5286,-0.57687,-0.59326,-0.57687,-0.5286,-0.45112,-0.34871,-0.22703,-0.09281,0.04655,0.18333,0.30998,0.4195,0.50584,0.56423,0.59144,0.58596,0.5481,0.47996,0.38529,0.26934,0.13849,0.0],[0.0,-0.09017,-0.17535,-0.25085,-0.31248,-0.35685,-0.3815,-0.38506,-0.36735,-0.32933,-0.27312,-0.20182,-0.11936,-0.0303,0.06042,0.14781,0.22703,0.29371,0.34415,0.37558,0.38625,0.37558,0.34415,0.29371,0.22703,0.14781,0.06042,-0.0303,-0.11936,-0.20182,-0.27312,-0.32933,-0.36735,-0.38506,-0.3815,-0.35685,-0.31248,-0.25085,-0.17535,-0.09017,-0.0,0.09017,0.17535,0.25085,0.31248,0.35685,0.3815,0.38506,0.36735,0.32933,0.27312,0.20182,0.11936,0.0303,-0.06042,-0.14781,-0.22703,-0.29371,-0.34415,-0.37558,-0.38625,-0.37558,-0.34415,-0.29371,-0.22703,-0.14781,-0.06042,0.0303,0.11936,0.20182,0.27312,0.32933,0.36735,0.38506,0.3815,0.35685,0.31248,0.25085,0.17535,0.09017,0.0],[0.0,-0.03686,-0.07168,-0.10254,-0.12774,-0.14587,-0.15595,-0.15741,-0.15016,-0.13463,-0.11165,-0.0825,-0.04879,-0.01239,0.0247,0.06042,0.09281,0.12006,0.14068,0.15353,0.15789,0.15353,0.14068,0.12006,0.09281,0.06042,0.0247,-0.01239,-0.04879,-0.0825,-0.11165,-0.13463,-0.15016,-0.15741,-0.15595,-0.14587,-0.12774,-0.10254,-0.07168,-0.03686,-0.0,0.03686,0.07168,0.10254,0.12774,0.14587,0.15595,0.15741,0.15016,0.13463,0.11165,0.0825,0.04879,0.01239,-0.0247,-0.06042,-0.09281,-0.12006,-0.14068,-0.15353,-0.15789,-0.15353,-0.14068,-0.12006,-0.09281,-0.06042,-0.0247,0.01239,0.04879,0.0825,0.11165,0.13463,0.15016,0.15741,0.15595,0.14587,0.12774,0.10254,0.07168,0.03686,0.0],[0.0,0.01849,0.03595,0.05143,0.06407,0.07316,0.07822,0.07895,0.07531,0.06752,0.056,0.04138,0.02447,0.00621,-0.01239,-0.0303,-0.04655,-0.06022,-0.07056,-0.077,-0.07919,-0.077,-0.07056,-0.06022,-0.04655,-0.0303,-0.01239,0.00621,0.02447,0.04138,0.056,0.06752,0.07531,0.07895,0.07822,0.07316,0.06407,0.05143,0.03595,0.01849,-0.0,-0.01849,-0.03595,-0.05143,-0.06407,-0.07316,-0.07822,-0.07895,-0.07531,-0.06752,-0.056,-0.04138,-0.02447,-0.00621,0.01239,0.0303,0.04655,0.06022,0.07056,0.077,0.07919,0.077,0.07056,0.06022,0.04655,0.0303,0.01239,-0.00621,-0.02447,-0.04138,-0.056,-0.06752,-0.07531,-0.07895,-0.07822,-0.07316,-0.06407,-0.05143,-0.03595,-0.01849,0.0],[0.0,0.07281,0.1416,0.20256,0.25233,0.28816,0.30806,0.31094,0.29663,0.26594,0.22054,0.16297,0.09638,0.02447,-0.04879,-0.11936,-0.18333,-0.23717,-0.2779,-0.30328,-0.3119,-0.30328,-0.2779,-0.23717,-0.18333,-0.11936,-0.04879,0.02447,0.09638,0.16297,0.22054,0.26594,0.29663,0.31094,0.30806,0.28816,0.25233,0.20256,0.1416,0.07281,-0.0,-0.07281,-0.1416,-0.20256,-0.25233,-0.28816,-0.30806,-0.31094,-0.29663,-0.26594,-0.22054,-0.16297,-0.09638,-0.02447,0.04879,0.11936,0.18333,0.23717,0.2779,0.30328,0.3119,0.30328,0.2779,0.23717,0.18333,0.11936,0.04879,-0.02447,-0.09638,-0.16297,-0.22054,-0.26594,-0.29663,-0.31094,-0.30806,-0.28816,-0.25233,-0.20256,-0.1416,-0.07281,0.0],[0.0,0.12311,0.23942,0.3425,0.42665,0.48723,0.52088,0.52574,0.50156,0.44966,0.37291,0.27555,0.16297,0.04138,-0.0825,-0.20182,-0.30998,-0.40101,-0.46989,-0.5128,-0.52737,-0.5128,-0.46989,-0.40101,-0.30998,-0.20182,-0.0825,0.04138,0.16297,0.27555,0.37291,0.44966,0.50156,0.52574,0.52088,0.48723,0.42665,0.3425,0.23942,0.12311,-0.0,-0.12311,-0.23942,-0.3425,-0.42665,-0.48723,-0.52088,-0.52574,-0.50156,-0.44966,-0.37291,-0.27555,-0.16297,-0.04138,0.0825,0.20182,0.30998,0.40101,0.46989,0.5128,0.52737,0.5128,0.46989,0.40101,0.30998,0.20182,0.0825,-0.04138,-0.16297,-0.27555,-0.37291,-0.44966,-0.50156,-0.52574,-0.52088,-0.48723,-0.42665,-0.3425,-0.23942,-0.12311,0.0],[0.0,0.16661,0.32401,0.46351,0.57739,0.65937,0.70491,0.7115,0.67877,0.60853,0.50466,0.37291,0.22054,0.056,-0.11165,-0.27312,-0.4195,-0.5427,-0.63591,-0.69398,-0.7137,-0.69398,-0.63591,-0.5427,-0.4195,-0.27312,-0.11165,0.056,0.22054,0.37291,0.50466,0.60853,0.67877,0.7115,0.70491,0.65937,0.57739,0.46351,0.32401,0.16661,-0.0,-0.16661,-0.32401,-0.46351,-0.57739,-0.65937,-0.70491,-0.7115,-0.67877,-0.60853,-0.50466,-0.37291,-0.22054,-0.056,0.11165,0.27312,0.4195,0.5427,0.63591,0.69398,0.7137,0.69398,0.63591,0.5427,0.4195,0.27312,0.11165,-0.056,-0.22054,-0.37291,-0.50466,-0.60853,-0.67877,-0.7115,-0.70491,-0.65937,-0.57739,-0.46351,-0.32401,-0.16661,0.0],[0.0,0.2009,0.3907,0.55891,0.69623,0.79508,0.84999,0.85794,0.81847,0.73377,0.60853,0.44966,0.26594,0.06752,-0.13463,-0.32933,-0.50584,-0.6544,-0.76679,-0.83681,-0.86059,-0.83681,-0.76679,-0.6544,-0.50584,-0.32933,-0.13463,0.06752,0.26594,0.44966,0.60853,0.73377,0.81847,0.85794,0.84999,0.79508,0.69623,0.55891,0.3907,0.2009,-0.0,-0.2009,-0.3907,-0.55891,-0.69623,-0.79508,-0.84999,-0.85794,-0.81847,-0.73377,-0.60853,-0.44966,-0.26594,-0.06752,0.13463,0.32933,0.50584,0.6544,0.76679,0.83681,0.86059,0.83681,0.76679,0.6544,0.50584,0.32933,0.13463,-0.06752,-0.26594,-0.44966,-0.60853,-0.73377,-0.81847,-0.85794,-0.84999,-0.79508,-0.69623,-0.55891,-0.3907,-0.2009,0.0],[0.0,0.22409,0.4358,0.62342,0.77659,0.88685,0.9481,0.95696,0.91294,0.81847,0.67877,0.50156,0.29663,0.07531,-0.15016,-0.36735,-0.56423,-0.72993,-0.8553,-0.9334,-0.95992,-0.9334,-0.8553,-0.72993,-0.56423,-0.36735,-0.15016,0.07531,0.29663,0.50156,0.67877,0.81847,0.91294,0.95696,0.9481,0.88685,0.77659,0.62342,0.4358,0.22409,-0.0,-0.22409,-0.4358,-0.62342,-0.77659,-0.88685,-0.9481,-0.95696,-0.91294,-0.81847,-0.67877,-0.50156,-0.29663,-0.07531,0.15016,0.36735,0.56423,0.72993,0.8553,0.9334,0.95992,0.9334,0.8553,0.72993,0.56423,0.36735,0.15016,-0.07531,-0.29663,-0.50156,-0.67877,-0.81847,-0.91294,-0.95696,-0.9481,-0.88685,-0.77659,-0.62342,-0.4358,-0.22409,0.0],[0.0,0.2349,0.45681,0.65348,0.81404,0.92962,0.99382,1.00311,0.95696,0.85794,0.7115,0.52574,0.31094,0.07895,-0.15741,-0.38506,-0.59144,-0.76513,-0.89654,-0.97841,-1.00621,-0.97841,-0.89654,-0.76513,-0.59144,-0.38506,-0.15741,0.07895,0.31094,0.52574,0.7115,0.85794,0.95696,1.00311,0.99382,0.92962,0.81404,0.65348,0.45681,0.2349,0.0,-0.2349,-0.45681,-0.65348,-0.81404,-0.92962,-0.99382,-1.00311,-0.95696,-0.85794,-0.7115,-0.52574,-0.31094,-0.07895,0.15741,0.38506,0.59144,0.76513,0.89654,0.97841,1.00621,0.97841,0.89654,0.76513,0.59144,0.38506,0.15741,-0.07895,-0.31094,-0.52574,-0.7115,-0.85794,-0.95696,-1.00311,-0.99382,-0.92962,-0.81404,-0.65348,-0.45681,-0.2349,0.0],[0.0,0.23272,0.45258,0.64743,0.80651,0.92101,0.98462,0.99382,0.9481,0.84999,0.70491,0.52088,0.30806,0.07822,-0.15595,-0.3815,-0.58596,-0.75805,-0.88824,-0.96935,-0.9969,-0.96935,-0.88824,-0.75805,-0.58596,-0.3815,-0.15595,0.07822,0.30806,0.52088,0.70491,0.84999,0.9481,0.99382,0.98462,0.92101,0.80651,0.64743,0.45258,0.23272,0.0,-0.23272,-0.45258,-0.64743,-0.80651,-0.92101,-0.98462,-0.99382,-0.9481,-0.84999,-0.70491,-0.52088,-0.30806,-0.07822,0.15595,0.3815,0.58596,0.75805,0.88824,0.96935,0.9969,0.96935,0.88824,0.75805,0.58596,0.3815,0.15595,-0.07822,-0.30806,-0.52088,-0.70491,-0.84999,-0.9481,-0.99382,-0.98462,-0.92101,-0.80651,-0.64743,-0.45258,-0.23272,0.0],[0.0,0.21769,0.42334,0.6056,0.7544,0.86151,0.92101,0.92962,0.88685,0.79508,0.65937,0.48723,0.28816,0.07316,-0.14587,-0.35685,-0.5481,-0.70907,-0.83086,-0.90673,-0.93249,-0.90673,-0.83086,-0.70907,-0.5481,-0.35685,-0.14587,0.07316,0.28816,0.48723,0.65937,0.79508,0.88685,0.92962,0.92101,0.86151,0.7544,0.6056,0.42334,0.21769,0.0,-0.21769,-0.42334,-0.6056,-0.7544,-0.86151,-0.92101,-0.92962,-0.88685,-0.79508,-0.65937,-0.48723,-0.28816,-0.07316,0.14587,0.35685,0.5481,0.70907,0.83086,0.90673,0.93249,0.90673,0.83086,0.70907,0.5481,0.35685,0.14587,-0.07316,-0.28816,-0.48723,-0.65937,-0.79508,-0.88685,-0.92962,-0.92101,-0.86151,-0.7544,-0.6056,-0.42334,-0.21769,0.0],[0.0,0.19062,0.37071,0.53031,0.66061,0.7544,0.80651,0.81404,0.77659,0.69623,0.57739,0.42665,0.25233,0.06407,-0.12774,-0.31248,-0.47996,-0.62092,-0.72756,-0.794,-0.81656,-0.794,-0.72756,-0.62092,-0.47996,-0.31248,-0.12774,0.06407,0.25233,0.42665,0.57739,0.69623,0.77659,0.81404,0.80651,0.7544,0.66061,0.53031,0.37071,0.19062,0.0,-0.19062,-0.37071,-0.53031,-0.66061,-0.7544,-0.80651,-0.81404,-0.77659,-0.69623,-0.57739,-0.42665,-0.25233,-0.06407,0.12774,0.31248,0.47996,0.62092,0.72756,0.794,0.81656,0.794,0.72756,0.62092,0.47996,0.31248,0.12774,-0.06407,-0.25233,-0.42665,-0.57739,-0.69623,-0.77659,-0.81404,-0.80651,-0.7544,-0.66061,-0.53031,-0.37071,-0.19062,0.0],[0.0,0.15302,0.29759,0.42571,0.53031,0.6056,0.64743,0.65348,0.62342,0.55891,0.46351,0.3425,0.20256,0.05143,-0.10254,-0.25085,-0.38529,-0.49845,-0.58406,-0.63739,-0.6555,-0.63739,-0.58406,-0.49845,-0.38529,-0.25085,-0.10254,0.05143,0.20256,0.3425,0.46351,0.55891,0.62342,0.65348,0.64743,0.6056,0.53031,0.42571,0.29759,0.15302,-0.0,-0.15302,-0.29759,-0.42571,-0.53031,-0.6056,-0.64743,-0.65348,-0.62342,-0.55891,-0.46351,-0.3425,-0.20256,-0.05143,0.10254,0.25085,0.38529,0.49845,0.58406,0.63739,0.6555,0.63739,0.58406,0.49845,0.38529,0.25085,0.10254,-0.05143,-0.20256,-0.3425,-0.46351,-0.55891,-0.62342,-0.65348,-0.64743,-0.6056,-0.53031,-0.42571,-0.29759,-0.15302,0.0],[0.0,0.10697,0.20803,0.29759,0.37071,0.42334,0.45258,0.45681,0.4358,0.3907,0.32401,0.23942,0.1416,0.03595,-0.07168,-0.17535,-0.26934,-0.34844,-0.40828,-0.44556,-0.45822,-0.44556,-0.40828,-0.34844,-0.26934,-0.17535,-0.07168,0.03595,0.1416,0.23942,0.32401,0.3907,0.4358,0.45681,0.45258,0.42334,0.37071,0.29759,0.20803,0.10697,-0.0,-0.10697,-0.20803,-0.29759,-0.37071,-0.42334,-0.45258,-0.45681,-0.4358,-0.3907,-0.32401,-0.23942,-0.1416,-0.03595,0.07168,0.17535,0.26934,0.34844,0.40828,0.44556,0.45822,0.44556,0.40828,0.34844,0.26934,0.17535,0.07168,-0.03595,-0.1416,-0.23942,-0.32401,-0.3907,-0.4358,-0.45681,-0.45258,-0.42334,-0.37071,-0.29759,-0.20803,-0.10697,0.0],[0.0,0.055,0.10697,0.15302,0.19062,0.21769,0.23272,0.2349,0.22409,0.2009,0.16661,0.12311,0.07281,0.01849,-0.03686,-0.09017,-0.13849,-0.17917,-0.20994,-0.22911,-0.23562,-0.22911,-0.20994,-0.17917,-0.13849,-0.09017,-0.03686,0.01849,0.07281,0.12311,0.16661,0.2009,0.22409,0.2349,0.23272,0.21769,0.19062,0.15302,0.10697,0.055,-0.0,-0.055,-0.10697,-0.15302,-0.19062,-0.21769,-0.23272,-0.2349,-0.22409,-0.2009,-0.16661,-0.12311,-0.07281,-0.01849,0.03686,0.09017,0.13849,0.17917,0.20994,0.22911,0.23562,0.22911,0.20994,0.17917,0.13849,0.09017,0.03686,-0.01849,-0.07281,-0.12311,-0.16661,-0.2009,-0.22409,-0.2349,-0.23272,-0.21769,-0.19062,-0.15302,-0.10697,-0.055,0.0],[0.0,-0.0,-0.0,-0.0,-0.0,-0.0,-0.0,-0.0,-0.0,-0.0,-0.0,-0.0,-0.0,-0.0,-0.0,-0.0,-0.0,-0.0,0.0,0.0,0.0,0.0,0.0,0.0,0.0,0.0,0.0,0.0,0.0,0.0,0.0,0.0,-0.0,-0.0,-0.0,-0.0,-0.0,-0.0,-0.0,-0.0,-0.0,-0.0,-0.0,-0.0,-0.0,0.0,0.0,0.0,0.0,0.0,0.0,0.0,0.0,0.0,0.0,0.0,0.0,0.0,0.0,0.0,0.0,0.0,-0.0,-0.0,-0.0,-0.0,-0.0,-0.0,-0.0,-0.0,-0.0,-0.0,-0.0,-0.0,-0.0,-0.0,-0.0,-0.0,-0.0,-0.0,0.0],[0.0,-0.055,-0.10697,-0.15302,-0.19062,-0.21769,-0.23272,-0.2349,-0.22409,-0.2009,-0.16661,-0.12311,-0.07281,-0.01849,0.03686,0.09017,0.13849,0.17917,0.20994,0.22911,0.23562,0.22911,0.20994,0.17917,0.13849,0.09017,0.03686,-0.01849,-0.07281,-0.12311,-0.16661,-0.2009,-0.22409,-0.2349,-0.23272,-0.21769,-0.19062,-0.15302,-0.10697,-0.055,-0.0,0.055,0.10697,0.15302,0.19062,0.21769,0.23272,0.2349,0.22409,0.2009,0.16661,0.12311,0.07281,0.01849,-0.03686,-0.09017,-0.13849,-0.17917,-0.20994,-0.22911,-0.23562,-0.22911,-0.20994,-0.17917,-0.13849,-0.09017,-0.03686,0.01849,0.07281,0.12311,0.16661,0.2009,0.22409,0.2349,0.23272,0.21769,0.19062,0.15302,0.10697,0.055,0.0],[0.0,-0.10697,-0.20803,-0.29759,-0.37071,-0.42334,-0.45258,-0.45681,-0.4358,-0.3907,-0.32401,-0.23942,-0.1416,-0.03595,0.07168,0.17535,0.26934,0.34844,0.40828,0.44556,0.45822,0.44556,0.40828,0.34844,0.26934,0.17535,0.07168,-0.03595,-0.1416,-0.23942,-0.32401,-0.3907,-0.4358,-0.45681,-0.45258,-0.42334,-0.37071,-0.29759,-0.20803,-0.10697,-0.0,0.10697,0.20803,0.29759,0.37071,0.42334,0.45258,0.45681,0.4358,0.3907,0.32401,0.23942,0.1416,0.03595,-0.07168,-0.17535,-0.26934,-0.34844,-0.40828,-0.44556,-0.45822,-0.44556,-0.40828,-0.34844,-0.26934,-0.17535,-0.07168,0.03595,0.1416,0.23942,0.32401,0.3907,0.4358,0.45681,0.45258,0.42334,0.37071,0.29759,0.20803,0.10697,0.0],[0.0,-0.15302,-0.29759,-0.42571,-0.53031,-0.6056,-0.64743,-0.65348,-0.62342,-0.55891,-0.46351,-0.3425,-0.20256,-0.05143,0.10254,0.25085,0.38529,0.49845,0.58406,0.63739,0.6555,0.63739,0.58406,0.49845,0.38529,0.25085,0.10254,-0.05143,-0.20256,-0.3425,-0.46351,-0.55891,-0.62342,-0.65348,-0.64743,-0.6056,-0.53031,-0.42571,-0.29759,-0.15302,-0.0,0.15302,0.29759,0.42571,0.53031,0.6056,0.64743,0.65348,0.62342,0.55891,0.46351,0.3425,0.20256,0.05143,-0.10254,-0.25085,-0.38529,-0.49845,-0.58406,-0.63739,-0.6555,-0.63739,-0.58406,-0.49845,-0.38529,-0.25085,-0.10254,0.05143,0.20256,0.3425,0.46351,0.55891,0.62342,0.65348,0.64743,0.6056,0.53031,0.42571,0.29759,0.15302,0.0],[0.0,-0.19062,-0.37071,-0.53031,-0.66061,-0.7544,-0.80651,-0.81404,-0.77659,-0.69623,-0.57739,-0.42665,-0.25233,-0.06407,0.12774,0.31248,0.47996,0.62092,0.72756,0.794,0.81656,0.794,0.72756,0.62092,0.47996,0.31248,0.12774,-0.06407,-0.25233,-0.42665,-0.57739,-0.69623,-0.77659,-0.81404,-0.80651,-0.7544,-0.66061,-0.53031,-0.37071,-0.19062,-0.0,0.19062,0.37071,0.53031,0.66061,0.7544,0.80651,0.81404,0.77659,0.69623,0.57739,0.42665,0.25233,0.06407,-0.12774,-0.31248,-0.47996,-0.62092,-0.72756,-0.794,-0.81656,-0.794,-0.72756,-0.62092,-0.47996,-0.31248,-0.12774,0.06407,0.25233,0.42665,0.57739,0.69623,0.77659,0.81404,0.80651,0.7544,0.66061,0.53031,0.37071,0.19062,0.0],[0.0,-0.21769,-0.42334,-0.6056,-0.7544,-0.86151,-0.92101,-0.92962,-0.88685,-0.79508,-0.65937,-0.48723,-0.28816,-0.07316,0.14587,0.35685,0.5481,0.70907,0.83086,0.90673,0.93249,0.90673,0.83086,0.70907,0.5481,0.35685,0.14587,-0.07316,-0.28816,-0.48723,-0.65937,-0.79508,-0.88685,-0.92962,-0.92101,-0.86151,-0.7544,-0.6056,-0.42334,-0.21769,-0.0,0.21769,0.42334,0.6056,0.7544,0.86151,0.92101,0.92962,0.88685,0.79508,0.65937,0.48723,0.28816,0.07316,-0.14587,-0.35685,-0.5481,-0.70907,-0.83086,-0.90673,-0.93249,-0.90673,-0.83086,-0.70907,-0.5481,-0.35685,-0.14587,0.07316,0.28816,0.48723,0.65937,0.79508,0.88685,0.92962,0.92101,0.86151,0.7544,0.6056,0.42334,0.21769,0.0],[0.0,-0.23272,-0.45258,-0.64743,-0.80651,-0.92101,-0.98462,-0.99382,-0.9481,-0.84999,-0.70491,-0.52088,-0.30806,-0.07822,0.15595,0.3815,0.58596,0.75805,0.88824,0.96935,0.9969,0.96935,0.88824,0.75805,0.58596,0.3815,0.15595,-0.07822,-0.30806,-0.52088,-0.70491,-0.84999,-0.9481,-0.99382,-0.98462,-0.92101,-0.80651,-0.64743,-0.45258,-0.23272,-0.0,0.23272,0.45258,0.64743,0.80651,0.92101,0.98462,0.99382,0.9481,0.84999,0.70491,0.52088,0.30806,0.07822,-0.15595,-0.3815,-0.58596,-0.75805,-0.88824,-0.96935,-0.9969,-0.96935,-0.88824,-0.75805,-0.58596,-0.3815,-0.15595,0.07822,0.30806,0.52088,0.70491,0.84999,0.9481,0.99382,0.98462,0.92101,0.80651,0.64743,0.45258,0.23272,0.0],[0.0,-0.2349,-0.45681,-0.65348,-0.81404,-0.92962,-0.99382,-1.00311,-0.95696,-0.85794,-0.7115,-0.52574,-0.31094,-0.07895,0.15741,0.38506,0.59144,0.76513,0.89654,0.97841,1.00621,0.97841,0.89654,0.76513,0.59144,0.38506,0.15741,-0.07895,-0.31094,-0.52574,-0.7115,-0.85794,-0.95696,-1.00311,-0.99382,-0.92962,-0.81404,-0.65348,-0.45681,-0.2349,-0.0,0.2349,0.45681,0.65348,0.81404,0.92962,0.99382,1.00311,0.95696,0.85794,0.7115,0.52574,0.31094,0.07895,-0.15741,-0.38506,-0.59144,-0.76513,-0.89654,-0.97841,-1.00621,-0.97841,-0.89654,-0.76513,-0.59144,-0.38506,-0.15741,0.07895,0.31094,0.52574,0.7115,0.85794,0.95696,1.00311,0.99382,0.92962,0.81404,0.65348,0.45681,0.2349,0.0],[0.0,-0.22409,-0.4358,-0.62342,-0.77659,-0.88685,-0.9481,-0.95696,-0.91294,-0.81847,-0.67877,-0.50156,-0.29663,-0.07531,0.15016,0.36735,0.56423,0.72993,0.8553,0.9334,0.95992,0.9334,0.8553,0.72993,0.56423,0.36735,0.15016,-0.07531,-0.29663,-0.50156,-0.67877,-0.81847,-0.91294,-0.95696,-0.9481,-0.88685,-0.77659,-0.62342,-0.4358,-0.22409,-0.0,0.22409,0.4358,0.62342,0.77659,0.88685,0.9481,0.95696,0.91294,0.81847,0.67877,0.50156,0.29663,0.07531,-0.15016,-0.36735,-0.56423,-0.72993,-0.8553,-0.9334,-0.95992,-0.9334,-0.8553,-0.72993,-0.56423,-0.36735,-0.15016,0.07531,0.29663,0.50156,0.67877,0.81847,0.91294,0.95696,0.9481,0.88685,0.77659,0.62342,0.4358,0.22409,0.0],[0.0,-0.2009,-0.3907,-0.55891,-0.69623,-0.79508,-0.84999,-0.85794,-0.81847,-0.73377,-0.60853,-0.44966,-0.26594,-0.06752,0.13463,0.32933,0.50584,0.6544,0.76679,0.83681,0.86059,0.83681,0.76679,0.6544,0.50584,0.32933,0.13463,-0.06752,-0.26594,-0.44966,-0.60853,-0.73377,-0.81847,-0.85794,-0.84999,-0.79508,-0.69623,-0.55891,-0.3907,-0.2009,-0.0,0.2009,0.3907,0.55891,0.69623,0.79508,0.84999,0.85794,0.81847,0.73377,0.60853,0.44966,0.26594,0.06752,-0.13463,-0.32933,-0.50584,-0.6544,-0.76679,-0.83681,-0.86059,-0.83681,-0.76679,-0.6544,-0.50584,-0.32933,-0.13463,0.06752,0.26594,0.44966,0.60853,0.73377,0.81847,0.85794,0.84999,0.79508,0.69623,0.55891,0.3907,0.2009,0.0],[0.0,-0.16661,-0.32401,-0.46351,-0.57739,-0.65937,-0.70491,-0.7115,-0.67877,-0.60853,-0.50466,-0.37291,-0.22054,-0.056,0.11165,0.27312,0.4195,0.5427,0.63591,0.69398,0.7137,0.69398,0.63591,0.5427,0.4195,0.27312,0.11165,-0.056,-0.22054,-0.37291,-0.50466,-0.60853,-0.67877,-0.7115,-0.70491,-0.65937,-0.57739,-0.46351,-0.32401,-0.16661,-0.0,0.16661,0.32401,0.46351,0.57739,0.65937,0.70491,0.7115,0.67877,0.60853,0.50466,0.37291,0.22054,0.056,-0.11165,-0.27312,-0.4195,-0.5427,-0.63591,-0.69398,-0.7137,-0.69398,-0.63591,-0.5427,-0.4195,-0.27312,-0.11165,0.056,0.22054,0.37291,0.50466,0.60853,0.67877,0.7115,0.70491,0.65937,0.57739,0.46351,0.32401,0.16661,0.0],[0.0,-0.12311,-0.23942,-0.3425,-0.42665,-0.48723,-0.52088,-0.52574,-0.50156,-0.44966,-0.37291,-0.27555,-0.16297,-0.04138,0.0825,0.20182,0.30998,0.40101,0.46989,0.5128,0.52737,0.5128,0.46989,0.40101,0.30998,0.20182,0.0825,-0.04138,-0.16297,-0.27555,-0.37291,-0.44966,-0.50156,-0.52574,-0.52088,-0.48723,-0.42665,-0.3425,-0.23942,-0.12311,-0.0,0.12311,0.23942,0.3425,0.42665,0.48723,0.52088,0.52574,0.50156,0.44966,0.37291,0.27555,0.16297,0.04138,-0.0825,-0.20182,-0.30998,-0.40101,-0.46989,-0.5128,-0.52737,-0.5128,-0.46989,-0.40101,-0.30998,-0.20182,-0.0825,0.04138,0.16297,0.27555,0.37291,0.44966,0.50156,0.52574,0.52088,0.48723,0.42665,0.3425,0.23942,0.12311,0.0],[0.0,-0.07281,-0.1416,-0.20256,-0.25233,-0.28816,-0.30806,-0.31094,-0.29663,-0.26594,-0.22054,-0.16297,-0.09638,-0.02447,0.04879,0.11936,0.18333,0.23717,0.2779,0.30328,0.3119,0.30328,0.2779,0.23717,0.18333,0.11936,0.04879,-0.02447,-0.09638,-0.16297,-0.22054,-0.26594,-0.29663,-0.31094,-0.30806,-0.28816,-0.25233,-0.20256,-0.1416,-0.07281,-0.0,0.07281,0.1416,0.20256,0.25233,0.28816,0.30806,0.31094,0.29663,0.26594,0.22054,0.16297,0.09638,0.02447,-0.04879,-0.11936,-0.18333,-0.23717,-0.2779,-0.30328,-0.3119,-0.30328,-0.2779,-0.23717,-0.18333,-0.11936,-0.04879,0.02447,0.09638,0.16297,0.22054,0.26594,0.29663,0.31094,0.30806,0.28816,0.25233,0.20256,0.1416,0.07281,0.0],[0.0,-0.01849,-0.03595,-0.05143,-0.06407,-0.07316,-0.07822,-0.07895,-0.07531,-0.06752,-0.056,-0.04138,-0.02447,-0.00621,0.01239,0.0303,0.04655,0.06022,0.07056,0.077,0.07919,0.077,0.07056,0.06022,0.04655,0.0303,0.01239,-0.00621,-0.02447,-0.04138,-0.056,-0.06752,-0.07531,-0.07895,-0.07822,-0.07316,-0.06407,-0.05143,-0.03595,-0.01849,-0.0,0.01849,0.03595,0.05143,0.06407,0.07316,0.07822,0.07895,0.07531,0.06752,0.056,0.04138,0.02447,0.00621,-0.01239,-0.0303,-0.04655,-0.06022,-0.07056,-0.077,-0.07919,-0.077,-0.07056,-0.06022,-0.04655,-0.0303,-0.01239,0.00621,0.02447,0.04138,0.056,0.06752,0.07531,0.07895,0.07822,0.07316,0.06407,0.05143,0.03595,0.01849,0.0],[0.0,0.03686,0.07168,0.10254,0.12774,0.14587,0.15595,0.15741,0.15016,0.13463,0.11165,0.0825,0.04879,0.01239,-0.0247,-0.06042,-0.09281,-0.12006,-0.14068,-0.15353,-0.15789,-0.15353,-0.14068,-0.12006,-0.09281,-0.06042,-0.0247,0.01239,0.04879,0.0825,0.11165,0.13463,0.15016,0.15741,0.15595,0.14587,0.12774,0.10254,0.07168,0.03686,-0.0,-0.03686,-0.07168,-0.10254,-0.12774,-0.14587,-0.15595,-0.15741,-0.15016,-0.13463,-0.11165,-0.0825,-0.04879,-0.01239,0.0247,0.06042,0.09281,0.12006,0.14068,0.15353,0.15789,0.15353,0.14068,0.12006,0.09281,0.06042,0.0247,-0.01239,-0.04879,-0.0825,-0.11165,-0.13463,-0.15016,-0.15741,-0.15595,-0.14587,-0.12774,-0.10254,-0.07168,-0.03686,0.0],[0.0,0.09017,0.17535,0.25085,0.31248,0.35685,0.3815,0.38506,0.36735,0.32933,0.27312,0.20182,0.11936,0.0303,-0.06042,-0.14781,-0.22703,-0.29371,-0.34415,-0.37558,-0.38625,-0.37558,-0.34415,-0.29371,-0.22703,-0.14781,-0.06042,0.0303,0.11936,0.20182,0.27312,0.32933,0.36735,0.38506,0.3815,0.35685,0.31248,0.25085,0.17535,0.09017,-0.0,-0.09017,-0.17535,-0.25085,-0.31248,-0.35685,-0.3815,-0.38506,-0.36735,-0.32933,-0.27312,-0.20182,-0.11936,-0.0303,0.06042,0.14781,0.22703,0.29371,0.34415,0.37558,0.38625,0.37558,0.34415,0.29371,0.22703,0.14781,0.06042,-0.0303,-0.11936,-0.20182,-0.27312,-0.32933,-0.36735,-0.38506,-0.3815,-0.35685,-0.31248,-0.25085,-0.17535,-0.09017,0.0],[0.0,0.13849,0.26934,0.38529,0.47996,0.5481,0.58596,0.59144,0.56423,0.50584,0.4195,0.30998,0.18333,0.04655,-0.09281,-0.22703,-0.34871,-0.45112,-0.5286,-0.57687,-0.59326,-0.57687,-0.5286,-0.45112,-0.34871,-0.22703,-0.09281,0.04655,0.18333,0.30998,0.4195,0.50584,0.56423,0.59144,0.58596,0.5481,0.47996,0.38529,0.26934,0.13849,0.0,-0.13849,-0.26934,-0.38529,-0.47996,-0.5481,-0.58596,-0.59144,-0.56423,-0.50584,-0.4195,-0.30998,-0.18333,-0.04655,0.09281,0.22703,0.34871,0.45112,0.5286,0.57687,0.59326,0.57687,0.5286,0.45112,0.34871,0.22703,0.09281,-0.04655,-0.18333,-0.30998,-0.4195,-0.50584,-0.56423,-0.59144,-0.58596,-0.5481,-0.47996,-0.38529,-0.26934,-0.13849,0.0],[0.0,0.17917,0.34844,0.49845,0.62092,0.70907,0.75805,0.76513,0.72993,0.6544,0.5427,0.40101,0.23717,0.06022,-0.12006,-0.29371,-0.45112,-0.58361,-0.68384,-0.74629,-0.76749,-0.74629,-0.68384,-0.58361,-0.45112,-0.29371,-0.12006,0.06022,0.23717,0.40101,0.5427,0.6544,0.72993,0.76513,0.75805,0.70907,0.62092,0.49845,0.34844,0.17917,0.0,-0.17917,-0.34844,-0.49845,-0.62092,-0.70907,-0.75805,-0.76513,-0.72993,-0.6544,-0.5427,-0.40101,-0.23717,-0.06022,0.12006,0.29371,0.45112,0.58361,0.68384,0.74629,0.76749,0.74629,0.68384,0.58361,0.45112,0.29371,0.12006,-0.06022,-0.23717,-0.40101,-0.5427,-0.6544,-0.72993,-0.76513,-0.75805,-0.70907,-0.62092,-0.49845,-0.34844,-0.17917,0.0],[0.0,0.20994,0.40828,0.58406,0.72756,0.83086,0.88824,0.89654,0.8553,0.76679,0.63591,0.46989,0.2779,0.07056,-0.14068,-0.34415,-0.5286,-0.68384,-0.80129,-0.87446,-0.89931,-0.87446,-0.80129,-0.68384,-0.5286,-0.34415,-0.14068,0.07056,0.2779,0.46989,0.63591,0.76679,0.8553,0.89654,0.88824,0.83086,0.72756,0.58406,0.40828,0.20994,0.0,-0.20994,-0.40828,-0.58406,-0.72756,-0.83086,-0.88824,-0.89654,-0.8553,-0.76679,-0.63591,-0.46989,-0.2779,-0.07056,0.14068,0.34415,0.5286,0.68384,0.80129,0.87446,0.89931,0.87446,0.80129,0.68384,0.5286,0.34415,0.14068,-0.07056,-0.2779,-0.46989,-0.63591,-0.76679,-0.8553,-0.89654,-0.88824,-0.83086,-0.72756,-0.58406,-0.40828,-0.20994,0.0],[0.0,0.22911,0.44556,0.63739,0.794,0.90673,0.96935,0.97841,0.9334,0.83681,0.69398,0.5128,0.30328,0.077,-0.15353,-0.37558,-0.57687,-0.74629,-0.87446,-0.95432,-0.98143,-0.95432,-0.87446,-0.74629,-0.57687,-0.37558,-0.15353,0.077,0.30328,0.5128,0.69398,0.83681,0.9334,0.97841,0.96935,0.90673,0.794,0.