{"schema": "pinnlab.compare/v1", "case_id": "mine-heap-leach-rt", "dims": ["x", "z"], "axes": {"x": [0.0, 0.025, 0.05, 0.075, 0.1, 0.125, 0.15, 0.175, 0.2, 0.225, 0.25, 0.275, 0.3, 0.325, 0.35, 0.375, 0.4, 0.425, 0.45, 0.475, 0.5, 0.525, 0.55, 0.575, 0.6, 0.625, 0.65, 0.675, 0.7, 0.725, 0.75, 0.775, 0.8, 0.825, 0.85, 0.875, 0.9, 0.925, 0.95, 0.975, 1.0], "z": [0.0, 0.025, 0.05, 0.075, 0.1, 0.125, 0.15, 0.175, 0.2, 0.225, 0.25, 0.275, 0.3, 0.325, 0.35, 0.375, 0.4, 0.425, 0.45, 0.475, 0.5, 0.525, 0.55, 0.575, 0.6, 0.625, 0.65, 0.675, 0.7, 0.725, 0.75, 0.775, 0.8, 0.825, 0.85, 0.875, 0.9, 0.925, 0.95, 0.975, 1.0]}, "fields": {"standard": [[1.5, 1.5, 1.5, 1.5, 1.5, 1.5, 1.5, 1.5, 1.5, 1.5, 1.5, 1.5, 1.5, 1.5, 1.5, 1.5, 1.5, 1.5, 1.5, 1.5, 1.5, 1.5, 1.5, 1.5, 1.5, 1.5, 1.5, 1.5, 1.5, 1.5, 1.5, 1.5, 1.5, 1.5, 1.5, 1.5, 1.5, 1.5, 1.5, 1.5, 1.5], [1.57846, 1.57822, 1.57749, 1.57629, 1.57462, 1.57249, 1.56991, 1.5669, 1.56347, 1.55966, 1.55548, 1.55096, 1.54612, 1.54099, 1.53562, 1.53002, 1.52425, 1.51832, 1.51227, 1.50616, 1.5, 1.49384, 1.48773, 1.48168, 1.47575, 1.46998, 1.46438, 1.45901, 1.45388, 1.44904, 1.44452, 1.44034, 1.43653, 1.4331, 1.43009, 1.42751, 1.42538, 1.42371, 1.42251, 1.42178, 1.42154], [1.65643, 1.65595, 1.65451, 1.65211, 1.64878, 1.64453, 1.63938, 1.63338, 1.62656, 1.61895, 1.61062, 1.6016, 1.59195, 1.58174, 1.57102, 1.55986, 1.54834, 1.53652, 1.52447, 1.51227, 1.5, 1.48773, 1.47553, 1.46348, 1.45166, 1.44014, 1.42898, 1.41826, 1.40805, 1.3984, 1.38938, 1.38105, 1.37344, 1.36662, 1.36062, 1.35547, 1.35122, 1.34789, 1.34549, 1.34405, 1.34357], [1.73345, 1.73273, 1.73057, 1.727, 1.72202, 1.71568, 1.708, 1.69904, 1.68886, 1.67751, 1.66507, 1.65161, 1.63722, 1.62197, 1.60598, 1.58934, 1.57214, 1.5545, 1.53652, 1.51832, 1.5, 1.48168, 1.46348, 1.4455, 1.42786, 1.41066, 1.39402, 1.37803, 1.36278, 1.34839, 1.33493, 1.32249, 1.31114, 1.30096, 1.292, 1.28432, 1.27798, 1.273, 1.26943, 1.26727, 1.26655], [1.80902, 1.80806, 1.80521, 1.80048, 1.79389, 1.78549, 1.77534, 1.76348, 1.75, 1.73498, 1.71851, 1.70069, 1.68164, 1.66146, 1.64029, 1.61826, 1.59549, 1.57214, 1.54834, 1.52425, 1.5, 1.47575, 1.45166, 1.42786, 1.40451, 1.38174, 1.35971, 1.33854, 1.31836, 1.29931, 1.28149, 1.26502, 1.25, 1.23652, 1.22466, 1.21451, 1.20611, 1.19952, 1.19479, 1.19194, 1.19098], [1.88268, 1.8815, 1.87797, 1.87211, 1.86395, 1.85355, 1.84097, 1.82629, 1.8096, 1.79099, 1.7706, 1.74853, 1.72494, 1.69995, 1.67373, 1.64645, 1.61826, 1.58934, 1.55986, 1.53002, 1.5, 1.46998, 1.44014, 1.41066, 1.38174, 1.35355, 1.32627, 1.30005, 1.27506, 1.25147, 1.2294, 1.20901, 1.1904, 1.17371, 1.15903, 1.14645, 1.13605, 1.12789, 1.12203, 1.1185, 1.11732], [1.95399, 1.95259, 1.9484, 1.94145, 1.93177, 1.91943, 1.90451, 1.88709, 1.86729, 1.84522, 1.82102, 1.79484, 1.76685, 1.73721, 1.70611, 1.67373, 1.64029, 1.60598, 1.57102, 1.53562, 1.5, 1.46438, 1.42898, 1.39402, 1.35971, 1.32627, 1.29389, 1.26279, 1.23315, 1.20516, 1.17898, 1.15478, 1.13271, 1.11291, 1.09549, 1.08057, 1.06823, 1.05855, 1.0516, 1.04741, 1.04601], [2.0225, 2.02089, 2.01607, 2.00806, 1.99693, 1.98273, 1.96555, 1.9455, 1.92271, 1.89731, 1.86946, 1.83934, 1.80712, 1.773, 1.73721, 1.69995, 1.66146, 1.62197, 1.58174, 1.54099, 1.5, 1.45901, 1.41826, 1.37803, 1.33854, 1.30005, 1.26279, 1.227, 1.19288, 1.16066, 1.13054, 1.10269, 1.07729, 1.0545, 1.03445, 1.01727, 1.00307, 0.99194, 0.98393, 0.97911, 0.9775], [2.08779, 2.08597, 2.08055, 2.07154, 2.05902, 2.04304, 2.02372, 2.00117, 1.97553, 1.94696, 1.91563, 1.88174, 1.84549, 1.80712, 1.76685, 1.72494, 1.68164, 1.63722, 1.59195, 1.54612, 1.5, 1.45388, 1.40805, 1.36278, 1.31836, 1.27506, 1.23315, 1.19288, 1.15451, 1.11826, 1.08437, 1.05304, 1.02447, 0.99883, 0.97628, 0.95696, 0.94098, 0.92846, 0.91945, 0.91403, 0.91221], [2.14945, 2.14745, 2.14145, 2.1315, 2.11766, 2.10001, 2.07866, 2.05375, 2.02541, 1.99384, 1.95923, 1.92178, 1.88174, 1.83934, 1.79484, 1.74853, 1.70069, 1.65161, 1.6016, 1.55096, 1.5, 1.44904, 1.3984, 1.34839, 1.29931, 1.25147, 1.20516, 1.16066, 1.11826, 1.07822, 1.04077, 1.00616, 0.97459, 0.94625, 0.92134, 0.89999, 0.88234, 0.8685, 0.85855, 0.85255, 0.85055], [2.20711, 2.20493, 2.1984, 2.18757, 2.1725, 2.15328, 2.13004, 2.10291, 2.07206, 2.03769, 2.0, 1.95923, 1.91563, 1.86946, 1.82102, 1.7706, 1.71851, 1.66507, 1.61062, 1.55548, 1.5, 1.44452, 1.38938, 1.33493, 1.28149, 1.2294, 1.17898, 1.13054, 1.08437, 1.04077, 1.0, 0.96231, 0.92794, 0.89709, 0.86996, 0.84672, 0.8275, 0.81243, 0.8016, 0.79507, 0.79289], [2.26041, 2.25806, 2.25104, 2.2394, 2.22319, 2.20252, 2.17753, 2.14835, 2.11518, 2.07822, 2.03769, 1.99384, 1.94696, 1.89731, 1.84522, 1.79099, 1.73498, 1.67751, 1.61895, 1.55966, 1.5, 1.44034, 1.38105, 1.32249, 1.26502, 1.20901, 1.15478, 1.10269, 1.05304, 1.00616, 0.96231, 0.92178, 0.88482, 0.85165, 0.82247, 0.79748, 0.77681, 0.7606, 0.74896, 0.74194, 0.73959], [2.30902, 2.30652, 2.29906, 2.28666, 2.26942, 2.24743, 2.22084, 2.1898, 2.15451, 2.11518, 2.07206, 2.02541, 1.97553, 1.92271, 1.86729, 1.8096, 1.75, 1.68886, 1.62656, 1.56347, 1.5, 1.43653, 1.37344, 1.31114, 1.25, 1.1904, 1.13271, 1.07729, 1.02447, 0.97459, 0.92794, 0.88482, 0.84549, 0.8102, 0.77916, 0.75257, 0.73058, 0.71334, 0.70094, 0.69348, 0.69098], [2.35264, 2.35001, 2.34214, 2.32908, 2.31091, 2.28774, 2.25971, 2.227, 2.1898, 2.14835, 2.10291, 2.05375, 2.00117, 1.9455, 1.88709, 1.82629, 1.76348, 1.69904, 1.63338, 1.5669, 1.5, 1.4331, 1.36662, 1.30096, 1.23652, 1.17371, 1.11291, 1.0545, 0.99883, 0.94625, 0.89709, 0.85165, 0.8102, 0.773, 0.74029, 0.71226, 0.68909, 0.67092, 0.65786, 0.64999, 0.64736], [2.39101, 2.38826, 2.38004, 2.36639, 2.3474, 2.32318, 2.29389, 2.25971, 2.22084, 2.17753, 2.13004, 2.07866, 2.02372, 1.96555, 1.90451, 1.84097, 1.77534, 1.708, 1.63938, 1.56991, 1.5, 1.43009, 1.36062, 1.292, 1.22466, 1.15903, 1.09549, 1.03445, 0.97628, 0.92134, 0.86996, 0.82247, 0.77916, 0.74029, 0.70611, 0.67682, 0.6526, 0.63361, 0.61996, 0.61174, 0.60899], [2.42388, 2.42103, 2.41251, 2.39835, 2.37866, 2.35355, 2.32318, 2.28774, 2.24743, 2.20252, 2.15328, 2.10001, 2.04304, 1.98273, 1.91943, 1.85355, 1.78549, 1.71568, 1.64453, 1.57249, 1.5, 1.42751, 1.35547, 1.28432, 1.21451, 1.14645, 1.08057, 1.01727, 0.95696, 0.89999, 0.84672, 0.79748, 0.75257, 0.71226, 0.67682, 0.64645, 0.62134, 0.60165, 0.58749, 0.57897, 0.57612], [2.45106, 2.44812, 2.43935, 2.42478, 2.40451, 2.37866, 2.3474, 2.31091, 2.26942, 2.22319, 2.1725, 2.11766, 2.05902, 1.99693, 1.93177, 1.86395, 1.79389, 1.72202, 1.64878, 1.57462, 1.5, 1.42538, 1.35122, 1.27798, 1.20611, 1.13605, 1.06823, 1.00307, 0.94098, 0.88234, 0.8275, 0.77681, 0.73058, 0.68909, 0.6526, 0.62134, 0.59549, 0.57522, 0.56065, 0.55188, 0.54894], [2.47237, 2.46937, 2.4604, 2.4455, 2.42478, 2.39835, 2.36639, 2.32908, 2.28666, 2.2394, 2.18757, 2.1315, 2.07154, 2.00806, 1.94145, 1.87211, 1.80048, 1.727, 1.65211, 1.57629, 1.5, 1.42371, 1.34789, 1.273, 1.19952, 1.12789, 1.05855, 0.99194, 0.92846, 0.8685, 0.81243, 0.7606, 0.71334, 0.67092, 0.63361, 0.60165, 0.57522, 0.5545, 0.5396, 0.53063, 0.52763], [2.48769, 2.48464, 2.47553, 2.4604, 2.43935, 2.41251, 2.38004, 2.34214, 2.29906, 2.25104, 2.1984, 2.14145, 2.08055, 2.01607, 1.9484, 1.87797, 1.80521, 1.73057, 1.65451, 1.57749, 1.5, 1.42251, 1.34549, 1.26943, 1.19479, 1.12203, 1.0516, 0.98393, 0.91945, 0.85855, 0.8016, 0.74896, 0.70094, 0.65786, 0.61996, 0.58749, 0.56065, 0.5396, 0.52447, 0.51536, 0.51231], [2.49692, 2.49384, 2.48464, 2.46937, 2.44812, 2.42103, 2.38826, 2.35001, 2.30652, 2.25806, 2.20493, 2.14745, 2.08597, 2.02089, 1.95259, 1.8815, 1.80806, 1.73273, 1.65595, 1.57822, 1.5, 1.42178, 1.34405, 1.26727, 1.19194, 1.1185, 1.04741, 0.97911, 0.91403, 0.85255, 0.79507, 0.74194, 0.69348, 0.64999, 0.61174, 0.57897, 0.55188, 0.53063, 0.51536, 0.50616, 0.50308], [2.5, 2.49692, 2.48769, 2.47237, 2.45106, 2.42388, 2.39101, 2.35264, 2.30902, 2.26041, 2.20711, 2.14945, 2.08779, 2.0225, 1.95399, 1.88268, 1.80902, 1.73345, 1.65643, 1.57846, 1.5, 1.42154, 1.34357, 1.26655, 1.19098, 1.11732, 1.04601, 0.9775, 0.91221, 0.85055, 0.79289, 0.73959, 0.69098, 0.64736, 0.60899, 0.57612, 0.54894, 0.52763, 0.51231, 0.50308, 0.5], [2.49692, 2.49384, 2.48464, 2.46937, 2.44812, 2.42103, 2.38826, 2.35001, 2.30652, 2.25806, 2.20493, 2.14745, 2.08597, 2.02089, 1.95259, 1.8815, 1.80806, 1.73273, 1.65595, 1.57822, 1.5, 1.42178, 1.34405, 1.26727, 1.19194, 1.1185, 1.04741, 0.97911, 0.91403, 0.85255, 0.79507, 0.74194, 0.69348, 0.64999, 0.61174, 0.57897, 0.55188, 0.53063, 0.51536, 0.50616, 0.50308], [2.48769, 2.48464, 2.47553, 2.4604, 2.43935, 2.41251, 2.38004, 2.34214, 2.29906, 2.25104, 2.1984, 2.14145, 2.08055, 2.01607, 1.9484, 1.87797, 1.80521, 1.73057, 1.65451, 1.57749, 1.5, 1.42251, 1.34549, 1.26943, 1.19479, 1.12203, 1.0516, 0.98393, 0.91945, 0.85855, 0.8016, 0.74896, 0.70094, 0.65786, 0.61996, 0.58749, 0.56065, 0.5396, 0.52447, 0.51536, 0.51231], [2.47237, 2.46937, 2.4604, 2.4455, 2.42478, 2.39835, 2.36639, 2.32908, 2.28666, 2.2394, 2.18757, 2.1315, 2.07154, 2.00806, 1.94145, 1.87211, 1.80048, 1.727, 1.65211, 1.57629, 1.5, 1.42371, 1.34789, 1.273, 1.19952, 1.12789, 1.05855, 0.99194, 0.92846, 0.8685, 0.81243, 0.7606, 0.71334, 0.67092, 0.63361, 0.60165, 0.57522, 0.5545, 0.5396, 0.53063, 0.52763], [2.45106, 2.44812, 2.43935, 2.42478, 2.40451, 2.37866, 2.3474, 2.31091, 2.26942, 2.22319, 2.1725, 2.11766, 2.05902, 1.99693, 1.93177, 1.86395, 1.79389, 1.72202, 1.64878, 1.57462, 1.5, 1.42538, 1.35122, 1.27798, 1.20611, 1.13605, 1.06823, 1.00307, 0.94098, 0.88234, 0.8275, 0.77681, 0.73058, 0.68909, 0.6526, 0.62134, 0.59549, 0.57522, 0.56065, 0.55188, 0.54894], [2.42388, 2.42103, 2.41251, 2.39835, 2.37866, 2.35355, 2.32318, 2.28774, 2.24743, 2.20252, 2.15328, 2.10001, 2.04304, 1.98273, 1.91943, 1.85355, 1.78549, 1.71568, 1.64453, 1.57249, 1.5, 1.42751, 1.35547, 1.28432, 1.21451, 1.14645, 1.08057, 1.01727, 0.95696, 0.89999, 0.84672, 0.79748, 0.75257, 0.71226, 0.67682, 0.64645, 0.62134, 0.60165, 0.58749, 0.57897, 0.57612], [2.39101, 2.38826, 2.38004, 2.36639, 2.3474, 2.32318, 2.29389, 2.25971, 2.22084, 2.17753, 2.13004, 2.07866, 2.02372, 1.96555, 1.90451, 1.84097, 1.77534, 1.708, 1.63938, 1.56991, 1.5, 1.43009, 1.36062, 1.292, 1.22466, 1.15903, 1.09549, 1.03445, 0.97628, 0.92134, 0.86996, 0.82247, 0.77916, 0.74029, 0.70611, 0.67682, 0.6526, 0.63361, 0.61996, 0.61174, 0.60899], [2.35264, 2.35001, 2.34214, 2.32908, 2.31091, 2.28774, 2.25971, 2.227, 2.1898, 2.14835, 2.10291, 2.05375, 2.00117, 1.9455, 1.88709, 1.82629, 1.76348, 1.69904, 1.63338, 1.5669, 1.5, 1.4331, 1.36662, 1.30096, 1.23652, 1.17371, 1.11291, 1.0545, 0.99883, 0.94625, 0.89709, 0.85165, 0.8102, 0.773, 0.74029, 0.71226, 0.68909, 0.67092, 0.65786, 0.64999, 0.64736], [2.30902, 2.30652, 2.29906, 2.28666, 2.26942, 2.24743, 2.22084, 2.1898, 2.15451, 2.11518, 2.07206, 2.02541, 1.97553, 1.92271, 1.86729, 1.8096, 1.75, 1.68886, 1.62656, 1.56347, 1.5, 1.43653, 1.37344, 1.31114, 1.25, 1.1904, 1.13271, 1.07729, 1.02447, 0.97459, 0.92794, 0.88482, 0.84549, 0.8102, 0.77916, 0.75257, 0.73058, 0.71334, 0.70094, 0.69348, 0.69098], [2.26041, 2.25806, 2.25104, 2.2394, 2.22319, 2.20252, 2.17753, 2.14835, 2.11518, 2.07822, 2.03769, 1.99384, 1.94696, 1.89731, 1.84522, 1.79099, 1.73498, 1.67751, 1.61895, 1.55966, 1.5, 1.44034, 1.38105, 1.32249, 1.26502, 1.20901, 1.15478, 1.10269, 1.05304, 1.00616, 0.96231, 0.92178, 0.88482, 0.85165, 0.82247, 0.79748, 0.77681, 0.7606, 0.74896, 0.74194, 0.73959], [2.20711, 2.20493, 2.1984, 2.18757, 2.1725, 2.15328, 2.13004, 2.10291, 2.07206, 2.03769, 2.0, 1.95923, 1.91563, 1.86946, 1.82102, 1.7706, 1.71851, 1.66507, 1.61062, 1.55548, 1.5, 1.44452, 1.38938, 1.33493, 1.28149, 1.2294, 1.17898, 1.13054, 1.08437, 1.04077, 1.0, 0.96231, 0.92794, 0.89709, 0.86996, 0.84672, 0.8275, 0.81243, 0.8016, 0.79507, 0.79289], [2.14945, 2.14745, 2.14145, 2.1315, 2.11766, 2.10001, 2.07866, 2.05375, 2.02541, 1.99384, 1.95923, 1.92178, 1.88174, 1.83934, 1.79484, 1.74853, 1.70069, 1.65161, 1.6016, 1.55096, 1.5, 1.44904, 1.3984, 1.34839, 1.29931, 1.25147, 1.20516, 1.16066, 1.11826, 1.07822, 1.04077, 1.00616, 0.97459, 0.94625, 0.92134, 0.89999, 0.88234, 0.8685, 0.85855, 0.85255, 0.85055], [2.08779, 2.08597, 2.08055, 2.07154, 2.05902, 2.04304, 2.02372, 2.00117, 1.97553, 1.94696, 1.91563, 1.88174, 1.84549, 1.80712, 1.76685, 1.72494, 1.68164, 1.63722, 1.59195, 1.54612, 1.5, 1.45388, 1.40805, 1.36278, 1.31836, 1.27506, 1.23315, 1.19288, 1.15451, 1.11826, 1.08437, 1.05304, 1.02447, 0.99883, 0.97628, 0.95696, 0.94098, 0.92846, 0.91945, 0.91403, 0.91221], [2.0225, 2.02089, 2.01607, 2.00806, 1.99693, 1.98273, 1.96555, 1.9455, 1.92271, 1.89731, 1.86946, 1.83934, 1.80712, 1.773, 1.73721, 1.69995, 1.66146, 1.62197, 1.58174, 1.54099, 1.5, 1.45901, 1.41826, 1.37803, 1.33854, 1.30005, 1.26279, 1.227, 1.19288, 1.16066, 1.13054, 1.10269, 1.07729, 1.0545, 1.03445, 1.01727, 1.00307, 0.99194, 0.98393, 0.97911, 0.9775], [1.95399, 1.95259, 1.9484, 1.94145, 1.93177, 1.91943, 1.90451, 1.88709, 1.86729, 1.84522, 1.82102, 1.79484, 1.76685, 1.73721, 1.70611, 1.67373, 1.64029, 1.60598, 1.57102, 1.53562, 1.5, 1.46438, 1.42898, 1.39402, 1.35971, 1.32627, 1.29389, 1.26279, 1.23315, 1.20516, 1.17898, 1.15478, 1.13271, 1.11291, 1.09549, 1.08057, 1.06823, 1.05855, 1.0516, 1.04741, 1.04601], [1.88268, 1.8815, 1.87797, 1.87211, 1.86395, 1.85355, 1.84097, 1.82629, 1.8096, 1.79099, 1.7706, 1.74853, 1.72494, 1.69995, 1.67373, 1.64645, 1.61826, 1.58934, 1.55986, 1.53002, 1.5, 1.46998, 1.44014, 1.41066, 1.38174, 1.35355, 1.32627, 1.30005, 1.27506, 1.25147, 1.2294, 1.20901, 1.1904, 1.17371, 1.15903, 1.14645, 1.13605, 1.12789, 1.12203, 1.1185, 1.11732], [1.80902, 1.80806, 1.80521, 1.80048, 1.79389, 1.78549, 1.77534, 1.76348, 1.75, 1.73498, 1.71851, 1.70069, 1.68164, 1.66146, 1.64029, 1.61826, 1.59549, 1.57214, 1.54834, 1.52425, 1.5, 1.47575, 1.45166, 1.42786, 1.40451, 1.38174, 1.35971, 1.33854, 1.31836, 1.29931, 1.28149, 1.26502, 1.25, 1.23652, 1.22466, 1.21451, 1.20611, 1.19952, 1.19479, 1.19194, 1.19098], [1.73345, 1.73273, 1.73057, 1.727, 1.72202, 1.71568, 1.708, 1.69904, 1.68886, 1.67751, 1.66507, 1.65161, 1.63722, 1.62197, 1.60598, 1.58934, 1.57214, 1.5545, 1.53652, 1.51832, 1.5, 1.48168, 1.46348, 1.4455, 1.42786, 1.41066, 1.39402, 1.37803, 1.36278, 1.34839, 1.33493, 1.32249, 1.31114, 1.30096, 1.292, 1.28432, 1.27798, 1.273, 1.26943, 1.26727, 1.26655], [1.65643, 1.65595, 1.65451, 1.65211, 1.64878, 1.64453, 1.63938, 1.63338, 1.62656, 1.61895, 1.61062, 1.6016, 1.59195, 1.58174, 1.57102, 1.55986, 1.54834, 1.53652, 1.52447, 1.51227, 1.5, 1.48773, 1.47553, 1.46348, 1.45166, 1.44014, 1.42898, 1.41826, 1.40805, 1.3984, 1.38938, 1.38105, 1.37344, 1.36662, 1.36062, 1.35547, 1.35122, 1.34789, 1.34549, 1.34405, 1.34357], [1.57846, 1.57822, 1.57749, 1.57629, 1.57462, 1.57249, 1.56991, 1.5669, 1.56347, 1.55966, 1.55548, 1.55096, 1.54612, 1.54099, 1.53562, 1.53002, 1.52425, 1.51832, 1.51227, 1.50616, 1.5, 1.49384, 1.48773, 1.48168, 1.47575, 1.46998, 1.46438, 1.45901, 1.45388, 1.44904, 1.44452, 1.44034, 1.43653, 1.4331, 1.43009, 1.42751, 1.42538, 1.42371, 1.42251, 1.42178, 1.42154], [1.5, 1.5, 1.5, 1.5, 1.5, 1.5, 1.5, 1.5, 1.5, 1.5, 1.5, 1.5, 1.5, 1.5, 1.5, 1.5, 1.5, 1.5, 1.5, 1.5, 1.5, 1.5, 1.5, 1.5, 1.5, 1.5, 1.5, 1.5, 1.5, 1.5, 1.5, 1.5, 1.5, 1.5, 1.5, 1.5, 1.5, 1.5, 1.5, 1.5, 1.5]], "adapted": [[1.49983, 1.49986, 1.49985, 1.49981, 1.49977, 1.49973, 1.49971, 1.49969, 1.49969, 1.4997, 1.49972, 1.49975, 1.49979, 1.49985, 1.49991, 1.49997, 1.50004, 1.50011, 1.50017, 1.50023, 1.50027, 1.5003, 1.50032, 1.50033, 1.50032, 1.50031, 1.50029, 1.50027, 1.50024, 1.50021, 1.50017, 1.50013, 1.50008, 1.50002, 1.49996, 1.49989, 1.49982, 1.49976, 1.49975, 1.49979, 1.49995], [1.57853, 1.57827, 1.57751, 1.57626, 1.57454, 1.57237, 1.56975, 1.56672, 1.56328, 1.55945, 1.55526, 1.55074, 1.54591, 1.54081, 1.53547, 1.52991, 1.52417, 1.51829, 1.51229, 1.50621, 1.50009, 1.49396, 1.48787, 1.48184, 1.47592, 1.47014, 1.46455, 1.45918, 1.45406, 1.44923, 1.44471, 1.44053, 1.43671, 1.43327, 1.43022, 1.42759, 1.4254, 1.42365, 1.42237, 1.42159, 1.42134], [1.65664, 1.65612, 1.65463, 1.65218, 1.64881, 1.64453, 1.63935, 1.63332, 1.62647, 1.61884, 1.61048, 1.60145, 1.59179, 1.58157, 1.57086, 1.55971, 1.54821, 1.53641, 1.52439, 1.51222, 1.49997, 1.48772, 1.47554, 1.46351, 1.4517, 1.44019, 1.42905, 1.41835, 1.40816, 1.39854, 1.38955, 1.38124, 1.37366, 1.36685, 1.36084, 1.35567, 1.35136, 1.34794, 1.34544, 1.34388, 1.34327], [1.7337, 1.73294, 1.73075, 1.72714, 1.72213, 1.71577, 1.70807, 1.69909, 1.68888, 1.6775, 1.66503, 1.65154, 1.63711, 1.62185, 1.60584, 1.58918, 1.57198, 1.55435, 1.53638, 1.51819, 1.49989, 1.48159, 1.4634, 1.44544, 1.42781, 1.41064, 1.39401, 1.37805, 1.36284, 1.34848, 1.33506, 1.32266, 1.31135, 1.3012, 1.29225, 1.28457, 1.27818, 1.27313, 1.26943, 1.26712, 1.26622], [1.80926, 1.80828, 1.8054, 1.80065, 1.79406, 1.78565, 1.77548, 1.76361, 1.75011, 1.73506, 1.71855, 1.70069, 1.6816, 1.66139, 1.64018, 1.61812, 1.59534, 1.57197, 1.54817, 1.52408, 1.49984, 1.4756, 1.45152, 1.42774, 1.40441, 1.38166, 1.35965, 1.33851, 1.31838, 1.29936, 1.28159, 1.26517, 1.25019, 1.23675, 1.22491, 1.21475, 1.20633, 1.19967, 1.19482, 1.1918, 1.19062], [1.88289, 1.88169, 1.87815, 1.87228, 1.86413, 1.85374, 1.84116, 1.82647, 1.80977, 1.79114, 1.77071, 1.7486, 1.72496, 1.69993, 1.67367, 1.64634, 1.61812, 1.58917, 1.55969, 1.52984, 1.49981, 1.46979, 1.43997, 1.41051, 1.38161, 1.35344, 1.32618, 1.3, 1.27505, 1.25149, 1.22947, 1.20912, 1.19056, 1.1739, 1.15924, 1.14667, 1.13625, 1.12804, 1.12207, 1.11837, 1.11695], [1.95413, 1.95273, 1.94854, 1.9416, 1.93194, 1.91962, 1.90471, 1.8873, 1.86749, 1.84541, 1.82118, 1.79497, 1.76693, 1.73724, 1.70609, 1.67367, 1.64018, 1.60583, 1.57085, 1.53543, 1.49981, 1.46419, 1.4288, 1.39385, 1.35957, 1.32615, 1.2938, 1.26273, 1.23312, 1.20516, 1.17903, 1.15487, 1.13283, 1.11306, 1.09567, 1.08075, 1.0684, 1.05867, 1.05162, 1.04728, 1.04564], [2.02257, 2.02097, 2.01616, 2.00818, 1.99706, 1.98289, 1.96574, 1.94571, 1.92293, 1.89752, 1.86966, 1.8395, 1.80724, 1.77308, 1.73723, 1.69992, 1.66138, 1.62185, 1.58158, 1.54082, 1.49981, 1.45882, 1.41809, 1.37786, 1.3384, 1.29994, 1.26271, 1.22694, 1.19286, 1.16067, 1.13057, 1.10275, 1.07738, 1.05461, 1.03458, 1.01741, 1.0032, 0.99202, 0.98394, 0.97897, 0.97714], [2.08779, 2.086, 2.08059, 2.07161, 2.05911, 2.04317, 2.02388, 2.00136, 1.97574, 1.94717, 1.91584, 1.88193, 1.84565, 1.80723, 1.76691, 1.72494, 1.68159, 1.63712, 1.59182, 1.54596, 1.49983, 1.45371, 1.40789, 1.36264, 1.31824, 1.27497, 1.23309, 1.19285, 1.15449, 1.11827, 1.0844, 1.05309, 1.02453, 0.9989, 0.97636, 0.95704, 0.94106, 0.9285, 0.91943, 0.91388, 0.91186], [2.14939, 2.14742, 2.14145, 2.13152, 2.11771, 2.10009, 2.07878, 2.0539, 2.0256, 1.99405, 1.95944, 1.92198, 1.88191, 1.83948, 1.79494, 1.74857, 1.70068, 1.65155, 1.6015, 1.55083, 1.49986, 1.4489, 1.39827, 1.34827, 1.29921, 1.2514, 1.20511, 1.16065, 1.11826, 1.07823, 1.0408, 1.00619, 0.97462, 0.94629, 0.92138, 0.90003, 0.88237, 0.8685, 0.8585, 0.8524, 0.85022], [2.20701, 2.20486, 2.19835, 2.18754, 2.1725, 2.15331, 2.13011, 2.10302, 2.07221, 2.03786, 2.00019, 1.95942, 1.91581, 1.86962, 1.82114, 1.77067, 1.71853, 1.66505, 1.61056, 1.55539, 1.49989, 1.44441, 1.38928, 1.33484, 1.28143, 1.22936, 1.17896, 1.13054, 1.08439, 1.04079, 1.00002, 0.96233, 0.92796, 0.89711, 0.86997, 0.84672, 0.8275, 0.81241, 0.80153, 0.79492, 0.79258], [2.26029, 2.25797, 2.25097, 2.23934, 2.22315, 2.20251, 2.17755, 2.14841, 2.11528, 2.07835, 2.03785, 1.99402, 1.94713, 1.89747, 1.84535, 1.79109, 1.73504, 1.67753, 1.61894, 1.55961, 1.49994, 1.44027, 1.38098, 1.32243, 1.26498, 1.20899, 1.15478, 1.1027, 1.05307, 1.00618, 0.96233, 0.9218, 0.88482, 0.85164, 0.82246, 0.79746, 0.77679, 0.76056, 0.74888, 0.74179, 0.73931], [2.3089, 2.30642, 2.29897, 2.28658, 2.26935, 2.24738, 2.22081, 2.18981, 2.15456, 2.11527, 2.07218, 2.02556, 1.97568, 1.92286, 1.86742, 1.80971, 1.75009, 1.68892, 1.62658, 1.56347, 1.49998, 1.4365, 1.37341, 1.31112, 1.24999, 1.19041, 1.13273, 1.07732, 1.0245, 0.97461, 0.92795, 0.88482, 0.84548, 0.81017, 0.77913, 0.75253, 0.73054, 0.71329, 0.70088, 0.69335, 0.69074], [2.35254, 2.34992, 2.34205, 2.32899, 2.31082, 2.28766, 2.25964, 2.22696, 2.1898, 2.14838, 2.10297, 2.05384, 2.00129, 1.94563, 1.88722, 1.82641, 1.76359, 1.69913, 1.63345, 1.56694, 1.50003, 1.43312, 1.36663, 1.30097, 1.23654, 1.17373, 1.11294, 1.05452, 0.99886, 0.94627, 0.8971, 0.85164, 0.81017, 0.77297, 0.74025, 0.71222, 0.68905, 0.67088, 0.65781, 0.64989, 0.64716], [2.39093, 2.38819, 2.37996, 2.3663, 2.3473, 2.32308, 2.2938, 2.25963, 2.22079, 2.1775, 2.13005, 2.07871, 2.0238, 1.96565, 1.90462, 1.84109, 1.77545, 1.70811, 1.63948, 1.56999, 1.50007, 1.43015, 1.36066, 1.29204, 1.2247, 1.15906, 1.09552, 1.03448, 0.9763, 0.92134, 0.86995, 0.82245, 0.77912, 0.74025, 0.70606, 0.67678, 0.65258, 0.6336, 0.61994, 0.61169, 0.60886], [2.42385, 2.42099, 2.41245, 2.39828, 2.37857, 2.35344, 2.32307, 2.28762, 2.24734, 2.20245, 2.15324, 2.1, 2.04307, 1.98278, 1.91952, 1.85366, 1.78561, 1.7158, 1.64465, 1.5726, 1.5001, 1.4276, 1.35555, 1.28439, 1.21456, 1.14649, 1.0806, 1.01729, 0.95696, 0.89998, 0.84669, 0.79744, 0.75252, 0.71222, 0.67678, 0.64642, 0.62133, 0.60166, 0.58752, 0.57897, 0.57605], [2.45107, 2.44812, 2.43932, 2.42473, 2.40443, 2.37855, 2.34727, 2.31077, 2.26928, 2.22307, 2.1724, 2.1176, 2.05899, 1.99694, 1.93182, 1.86404, 1.794, 1.72215, 1.64891, 1.57475, 1.50013, 1.4255, 1.35132, 1.27806, 1.20617, 1.13609, 1.06825, 1.00308, 0.94097, 0.88231, 0.82746, 0.77676, 0.73053, 0.68905, 0.65257, 0.62133, 0.59551, 0.57527, 0.56072, 0.55193, 0.54894], [2.47243, 2.46941, 2.46041, 2.44548, 2.42471, 2.39825, 2.36625, 2.32893, 2.2865, 2.23924, 2.18743, 2.13139, 2.07147, 2.00803, 1.94146, 1.87216, 1.80057, 1.72711, 1.65225, 1.57644, 1.50014, 1.42384, 1.348, 1.2731, 1.19959, 1.12793, 1.05857, 0.99193, 0.92843, 0.86846, 0.81238, 0.76055, 0.71328, 0.67088, 0.63359, 0.60166, 0.57527, 0.55458, 0.53971, 0.53074, 0.5277], [2.48778, 2.48471, 2.47556, 2.46039, 2.4393, 2.41241, 2.3799, 2.34198, 2.29887, 2.25086, 2.19822, 2.1413, 2.08043, 2.01599, 1.94837, 1.87799, 1.80528, 1.73067, 1.65464, 1.57764, 1.50015, 1.42265, 1.34561, 1.26953, 1.19486, 1.12207, 1.05161, 0.98392, 0.91942, 0.8585, 0.80154, 0.7489, 0.70089, 0.65782, 0.61996, 0.58752, 0.56072, 0.53971, 0.52462, 0.51552, 0.51245], [2.49704, 2.49394, 2.4847, 2.46939, 2.44809, 2.42095, 2.38813, 2.34985, 2.30633, 2.25786, 2.20472, 2.14726, 2.08582, 2.02078, 1.95253, 1.88149, 1.8081, 1.7328, 1.65606, 1.57835, 1.50014, 1.42192, 1.34417, 1.26737, 1.19201, 1.11854, 1.04742, 0.9791, 0.91399, 0.85251, 0.79502, 0.74188, 0.69343, 0.64996, 0.61175, 0.57901, 0.55196, 0.53076, 0.51553, 0.50636, 0.50328], [2.50013, 2.49702, 2.48776, 2.4724, 2.45104, 2.42381, 2.39089, 2.35248, 2.30882, 2.26019, 2.20689, 2.14925, 2.08761, 2.02236, 1.9539, 1.88264, 1.80902, 1.7335, 1.65652, 1.57857, 1.50012, 1.42166, 1.34368, 1.26665, 1.19105, 1.11736, 1.04603, 0.9775, 0.91219, 0.85051, 0.79285, 0.73955, 0.69095, 0.64735, 0.60901, 0.57617, 0.54904, 0.52778, 0.5125, 0.50331, 0.50024], [2.49705, 2.49395, 2.48471, 2.4694, 2.44811, 2.42097, 2.38815, 2.34986, 2.30634, 2.25786, 2.20471, 2.14724, 2.08579, 2.02074, 1.95248, 1.88144, 1.80805, 1.73275, 1.65601, 1.5783, 1.5001, 1.42189, 1.34414, 1.26736, 1.192, 1.11854, 1.04743, 0.97912, 0.91402, 0.85253, 0.79505, 0.74191, 0.69346, 0.64998, 0.61176, 0.57902, 0.55197, 0.53077, 0.51555, 0.50639, 0.50334], [2.4878, 2.48473, 2.47559, 2.46043, 2.43934, 2.41245, 2.37994, 2.34201, 2.29889, 2.25086, 2.1982, 2.14126, 2.08037, 2.01592, 1.94829, 1.8779, 1.80518, 1.73057, 1.65454, 1.57755, 1.50007, 1.42259, 1.34557, 1.2695, 1.19485, 1.12208, 1.05164, 0.98396, 0.91946, 0.85855, 0.80159, 0.74895, 0.70093, 0.65785, 0.61998, 0.58753, 0.56073, 0.53972, 0.52465, 0.51559, 0.51258], [2.47245, 2.46944, 2.46045, 2.44553, 2.42477, 2.39831, 2.36631, 2.32897, 2.28652, 2.23923, 2.1874, 2.13133, 2.07139, 2.00792, 1.94134, 1.87203, 1.80043, 1.72698, 1.65212, 1.57632, 1.50005, 1.42377, 1.34795, 1.27307, 1.19958, 1.12795, 1.05861, 0.99199, 0.92849, 0.86853, 0.81245, 0.76061, 0.71334, 0.67092, 0.63361, 0.60166, 0.57527, 0.55459, 0.53975, 0.53083, 0.52789], [2.45109, 2.44816, 2.43938, 2.42479, 2.4045, 2.37863, 2.34734, 2.31082, 2.26931, 2.22306, 2.17236, 2.11752, 2.05889, 1.99681, 1.93167, 1.86388, 1.79384, 1.72199, 1.64877, 1.57463, 1.50002, 1.42542, 1.35127, 1.27804, 1.20617, 1.13612, 1.0683, 1.00315, 0.94105, 0.88239, 0.82754, 0.77683, 0.73058, 0.68908, 0.65259, 0.62133, 0.5955, 0.57527, 0.56075, 0.55204, 0.54917], [2.42387, 2.42103, 2.41251, 2.39836, 2.37866, 2.35354, 2.32315, 2.28768, 2.24736, 2.20244, 2.15319, 2.09991, 2.04295, 1.98264, 1.91936, 1.85349, 1.78545, 1.71564, 1.64451, 1.57248, 1.5, 1.42753, 1.35551, 1.28437, 1.21457, 1.14652, 1.08065, 1.01737, 0.95705, 0.90007, 0.84678, 0.79751, 0.75257, 0.71224, 0.67678, 0.6464, 0.6213, 0.60164, 0.58754, 0.57908, 0.57631], [2.39095, 2.38822, 2.38002, 2.36639, 2.3474, 2.32318, 2.29388, 2.25969, 2.2208, 2.17748, 2.12999, 2.07861, 2.02367, 1.9655, 1.90446, 1.84093, 1.7753, 1.70797, 1.63936, 1.56989, 1.49999, 1.4301, 1.36064, 1.29204, 1.22473, 1.15911, 1.09559, 1.03456, 0.97639, 0.92143, 0.87003, 0.82251, 0.77916, 0.74025, 0.70604, 0.67673, 0.65251, 0.63355, 0.61995, 0.6118, 0.60913], [2.35254, 2.34995, 2.34211, 2.32908, 2.31092, 2.28776, 2.25973, 2.22701, 2.18981, 2.14835, 2.1029, 2.05374, 2.00116, 1.94549, 1.88707, 1.82627, 1.76345, 1.69901, 1.63335, 1.56687, 1.49998, 1.4331, 1.36663, 1.30099, 1.23658, 1.17379, 1.11301, 1.05461, 0.99894, 0.94635, 0.89716, 0.85168, 0.81018, 0.77294, 0.74019, 0.71213, 0.68896, 0.6708, 0.65779, 0.64999, 0.64744], [2.30888, 2.30644, 2.29902, 2.28666, 2.26945, 2.24748, 2.22089, 2.18985, 2.15456, 2.11523, 2.0721, 2.02544, 1.97555, 1.92272, 1.86729, 1.80959, 1.74998, 1.68883, 1.62652, 1.56344, 1.49997, 1.43651, 1.37345, 1.31117, 1.25006, 1.19048, 1.13282, 1.0774, 1.02458, 0.97468, 0.928, 0.88484, 0.84546, 0.81011, 0.77903, 0.7524, 0.73041, 0.71318, 0.70083, 0.69343, 0.69101], [2.26026, 2.25797, 2.25101, 2.23941, 2.22324, 2.2026, 2.17761, 2.14845, 2.11527, 2.0783, 2.03776, 1.9939, 1.947, 1.89734, 1.84523, 1.79099, 1.73496, 1.67748, 1.61891, 1.55962, 1.49996, 1.44032, 1.38104, 1.32251, 1.26507, 1.20908, 1.15487, 1.10279, 1.05314, 1.00623, 0.96236, 0.92178, 0.88477, 0.85154, 0.82232, 0.79729, 0.77662, 0.76042, 0.74881, 0.74185, 0.73957], [2.20697, 2.20484, 2.19837, 2.1876, 2.17257, 2.15338, 2.13016, 2.10303, 2.07219, 2.0378, 2.0001, 1.95931, 1.91569, 1.8695, 1.82103, 1.77059, 1.71848, 1.66503, 1.61057, 1.55543, 1.49995, 1.44449, 1.38937, 1.33494, 1.28153, 1.22946, 1.17905, 1.13062, 1.08445, 1.04083, 1.00002, 0.96229, 0.92787, 0.89697, 0.8698, 0.84653, 0.8273, 0.81224, 0.80144, 0.79496, 0.79283], [2.14934, 2.14739, 2.14145, 2.13155, 2.11775, 2.10014, 2.07881, 2.0539, 2.02556, 1.99398, 1.95934, 1.92187, 1.88179, 1.83936, 1.79484, 1.74851, 1.70065, 1.65155, 1.60153, 1.55089, 1.49994, 1.449, 1.39838, 1.34839, 1.29933, 1.25151, 1.20521, 1.16072, 1.11831, 1.07825, 1.04077, 1.00612, 0.97451, 0.94614, 0.92118, 0.89981, 0.88215, 0.86832, 0.85839, 0.85243, 0.85046], [2.08774, 2.08595, 2.08057, 2.07161, 2.05913, 2.04318, 2.02388, 2.00133, 1.97568, 1.94709, 1.91573, 1.88181, 1.84553, 1.80712, 1.76682, 1.72488, 1.68156, 1.63713, 1.59186, 1.54603, 1.49992, 1.45383, 1.40801, 1.36277, 1.31837, 1.27509, 1.23319, 1.19292, 1.15454, 1.11827, 1.08436, 1.053, 1.0244, 0.99872, 0.97615, 0.95681, 0.94083, 0.92831, 0.91932, 0.91391, 0.9121], [2.02253, 2.02092, 2.01612, 2.00815, 1.99704, 1.98287, 1.9657, 1.94566, 1.92285, 1.89743, 1.86955, 1.83938, 1.80712, 1.77297, 1.73714, 1.69985, 1.66135, 1.62185, 1.58161, 1.54088, 1.49991, 1.45893, 1.41822, 1.378, 1.33854, 1.30006, 1.26281, 1.22702, 1.1929, 1.16067, 1.13052, 1.10265, 1.07723, 1.05442, 1.03436, 1.01717, 1.00297, 0.99184, 0.98384, 0.97901, 0.97738], [1.95412, 1.95269, 1.94849, 1.94155, 1.93189, 1.91956, 1.90464, 1.88722, 1.86739, 1.8453, 1.82106, 1.79484, 1.7668, 1.73712, 1.70598, 1.67359, 1.64013, 1.60582, 1.57086, 1.53548, 1.49989, 1.4643, 1.42893, 1.39399, 1.35971, 1.32628, 1.29392, 1.26282, 1.23317, 1.20517, 1.17898, 1.15477, 1.13269, 1.11287, 1.09545, 1.08052, 1.06818, 1.0585, 1.05154, 1.04732, 1.04589], [1.88293, 1.88168, 1.8781, 1.87222, 1.86405, 1.85365, 1.84106, 1.82636, 1.80965, 1.79101, 1.77058, 1.74847, 1.72482, 1.6998, 1.67355, 1.64624, 1.61804, 1.58913, 1.55968, 1.52987, 1.49988, 1.46989, 1.44009, 1.41065, 1.38176, 1.35359, 1.32631, 1.3001, 1.27511, 1.25151, 1.22944, 1.20903, 1.19042, 1.17372, 1.15904, 1.14646, 1.13605, 1.12788, 1.12199, 1.11842, 1.11719], [1.80937, 1.80831, 1.80538, 1.80059, 1.79397, 1.78554, 1.77536, 1.76348, 1.74997, 1.73492, 1.71841, 1.70055, 1.68145, 1.66124, 1.64004, 1.618, 1.59523, 1.5719, 1.54813, 1.52408, 1.49988, 1.47568, 1.45164, 1.42788, 1.40456, 1.38182, 1.3598, 1.33864, 1.31846, 1.2994, 1.28158, 1.2651, 1.25007, 1.23659, 1.22472, 1.21456, 1.20614, 1.19953, 1.19476, 1.19186, 1.19086], [1.7339, 1.73304, 1.73077, 1.72711, 1.72206, 1.71567, 1.70795, 1.69896, 1.68874, 1.67736, 1.66488, 1.65138, 1.63695, 1.62169, 1.60568, 1.58903, 1.57185, 1.55424, 1.5363, 1.51816, 1.4999, 1.48165, 1.46351, 1.44558, 1.42798, 1.41082, 1.39419, 1.3782, 1.36296, 1.34855, 1.33508, 1.32262, 1.31126, 1.30106, 1.29208, 1.28438, 1.27801, 1.273, 1.26938, 1.26718, 1.26644], [1.65696, 1.65633, 1.65474, 1.65222, 1.64879, 1.64447, 1.63926, 1.63321, 1.62635, 1.61871, 1.61034, 1.60129, 1.59162, 1.5814, 1.57068, 1.55954, 1.54805, 1.53627, 1.52428, 1.51215, 1.49996, 1.48776, 1.47563, 1.46365, 1.45187, 1.44038, 1.42925, 1.41853, 1.40831, 1.39865, 1.3896, 1.38123, 1.37359, 1.36672, 1.36068, 1.35549, 1.35119, 1.34781, 1.34538, 1.34392, 1.34346], [1.579, 1.57862, 1.57775, 1.57642, 1.57462, 1.57239, 1.56974, 1.56667, 1.5632, 1.55935, 1.55514, 1.5506, 1.54575, 1.54063, 1.53528, 1.52971, 1.52398, 1.51812, 1.51215, 1.50612, 1.50005, 1.49398, 1.48794, 1.48197, 1.47609, 1.47035, 1.46476, 1.45938, 1.45424, 1.44936, 1.44478, 1.44054, 1.43665, 1.43316, 1.43007, 1.42742, 1.42522, 1.4235, 1.42228, 1.42159, 1.42146], [1.50048, 1.5004, 1.50029, 1.50016, 1.50003, 1.49992, 1.49983, 1.49976, 1.49971, 1.49967, 1.49965, 1.49964, 1.49965, 1.49967, 1.49971, 1.49976, 1.49982, 1.4999, 1.49999, 1.50009, 1.50019, 1.50028, 1.50037, 1.50044, 1.50048, 1.50051, 1.50051, 1.50048, 1.50043, 1.50036, 1.50026, 1.50016, 1.50004, 1.49992, 1.4998, 1.4997, 1.49962, 1.49958, 1.49961, 1.49973, 1.49999]], "err_adapted": [[0.00017, 0.00014, 0.00015, 0.00019, 0.00023, 0.00027, 0.00029, 0.00031, 0.00031, 0.0003, 0.00028, 0.00025, 0.00021, 0.00015, 9e-05, 3e-05, 4e-05, 0.00011, 0.00017, 0.00023, 0.00027, 0.0003, 0.00032, 0.00033, 0.00032, 0.00031, 0.00029, 0.00027, 0.00024, 0.00021, 0.00017, 0.00013, 8e-05, 2e-05, 4e-05, 0.00011, 0.00018, 0.00024, 0.00025, 0.00021, 5e-05], [7e-05, 5e-05, 2e-05, 3e-05, 8e-05, 0.00012, 0.00016, 0.00018, 0.00019, 0.00021, 0.00022, 0.00022, 0.00021, 0.00018, 0.00015, 0.00011, 8e-05, 3e-05, 2e-05, 5e-05, 9e-05, 0.00012, 0.00014, 0.00016, 0.00017, 0.00016, 0.00017, 0.00017, 0.00018, 0.00019, 0.00019, 0.00019, 0.00018, 0.00017, 0.00013, 8e-05, 2e-05, 6e-05, 0.00014, 0.00019, 0.0002], [0.00021, 0.00017, 0.00012, 7e-05, 3e-05, 0.0, 3e-05, 6e-05, 9e-05, 0.00011, 0.00014, 0.00015, 0.00016, 0.00017, 0.00016, 0.00015, 0.00013, 0.00011, 8e-05, 5e-05, 3e-05, 1e-05, 1e-05, 3e-05, 4e-05, 5e-05, 7e-05, 9e-05, 0.00011, 0.00014, 0.00017, 0.00019, 0.00022, 0.00023, 0.00022, 0.0002, 0.00014, 5e-05, 5e-05, 0.00017, 0.0003], [0.00025, 0.00021, 0.00018, 0.00014, 0.00011, 9e-05, 7e-05, 5e-05, 2e-05, 1e-05, 4e-05, 7e-05, 0.00011, 0.00012, 0.00014, 0.00016, 0.00016, 0.00015, 0.00014, 0.00013, 0.00011, 9e-05, 8e-05, 6e-05, 5e-05, 2e-05, 1e-05, 2e-05, 6e-05, 9e-05, 0.00013, 0.00017, 0.00021, 0.00024, 0.00025, 0.00025, 0.0002, 0.00013, 0.0, 0.00015, 0.00033], [0.00024, 0.00022, 0.00019, 0.00017, 0.00017, 0.00016, 0.00014, 0.00013, 0.00011, 8e-05, 4e-05, 0.0, 4e-05, 7e-05, 0.00011, 0.00014, 0.00015, 0.00017, 0.00017, 0.00017, 0.00016, 0.00015, 0.00014, 0.00012, 0.0001, 8e-05, 6e-05, 3e-05, 2e-05, 5e-05, 0.0001, 0.00015, 0.00019, 0.00023, 0.00025, 0.00024, 0.00022, 0.00015, 3e-05, 0.00014, 0.00036], [0.00021, 0.00019, 0.00018, 0.00017, 0.00018, 0.00019, 0.00019, 0.00018, 0.00017, 0.00015, 0.00011, 7e-05, 2e-05, 2e-05, 6e-05, 0.00011, 0.00014, 0.00017, 0.00017, 0.00018, 0.00019, 0.00019, 0.00017, 0.00015, 0.00013, 0.00011, 9e-05, 5e-05, 1e-05, 2e-05, 7e-05, 0.00011, 0.00016, 0.00019, 0.00021, 0.00022, 0.0002, 0.00015, 4e-05, 0.00013, 0.00037], [0.00014, 0.00014, 0.00014, 0.00015, 0.00017, 0.00019, 0.0002, 0.00021, 0.0002, 0.00019, 0.00016, 0.00013, 8e-05, 3e-05, 2e-05, 6e-05, 0.00011, 0.00015, 0.00017, 0.00019, 0.00019, 0.00019, 0.00018, 0.00017, 0.00014, 0.00012, 9e-05, 6e-05, 3e-05, 0.0, 5e-05, 9e-05, 0.00012, 0.00015, 0.00018, 0.00018, 0.00017, 0.00012, 2e-05, 0.00013, 0.00037], [7e-05, 8e-05, 9e-05, 0.00012, 0.00013, 0.00016, 0.00019, 0.00021, 0.00022, 0.00021, 0.0002, 0.00016, 0.00012, 8e-05, 2e-05, 3e-05, 8e-05, 0.00012, 0.00016, 0.00017, 0.00019, 0.00019, 0.00017, 0.00017, 0.00014, 0.00011, 8e-05, 6e-05, 2e-05, 1e-05, 3e-05, 6e-05, 9e-05, 0.00011, 0.00013, 0.00014, 0.00013, 8e-05, 1e-05, 0.00014, 0.00036], [0.0, 3e-05, 4e-05, 7e-05, 9e-05, 0.00013, 0.00016, 0.00019, 0.00021, 0.00021, 0.00021, 0.00019, 0.00016, 0.00011, 6e-05, 0.0, 5e-05, 0.0001, 0.00013, 0.00016, 0.00017, 0.00017, 0.00016, 0.00014, 0.00012, 9e-05, 6e-05, 3e-05, 2e-05, 1e-05, 3e-05, 5e-05, 6e-05, 7e-05, 8e-05, 8e-05, 8e-05, 4e-05, 2e-05, 0.00015, 0.00035], [6e-05, 3e-05, 0.0, 2e-05, 5e-05, 8e-05, 0.00012, 0.00015, 0.00019, 0.00021, 0.00021, 0.0002, 0.00017, 0.00014, 0.0001, 4e-05, 1e-05, 6e-05, 0.0001, 0.00013, 0.00014, 0.00014, 0.00013, 0.00012, 0.0001, 7e-05, 5e-05, 1e-05, 0.0, 1e-05, 3e-05, 3e-05, 3e-05, 4e-05, 4e-05, 4e-05, 3e-05, 0.0, 5e-05, 0.00015, 0.00033], [0.0001, 7e-05, 5e-05, 3e-05, 0.0, 3e-05, 7e-05, 0.00011, 0.00015, 0.00017, 0.00019, 0.00019, 0.00018, 0.00016, 0.00012, 7e-05, 2e-05, 2e-05, 6e-05, 9e-05, 0.00011, 0.00011, 0.0001, 9e-05, 6e-05, 4e-05, 2e-05, 0.0, 2e-05, 2e-05, 2e-05, 2e-05, 2e-05, 2e-05, 1e-05, 0.0, 0.0, 2e-05, 7e-05, 0.00015, 0.00031], [0.00012, 9e-05, 7e-05, 6e-05, 4e-05, 1e-05, 2e-05, 6e-05, 0.0001, 0.00013, 0.00016, 0.00018, 0.00017, 0.00016, 0.00013, 0.0001, 6e-05, 2e-05, 1e-05, 5e-05, 6e-05, 7e-05, 7e-05, 6e-05, 4e-05, 2e-05, 0.0, 1e-05, 3e-05, 2e-05, 2e-05, 2e-05, 0.0, 1e-05, 1e-05, 2e-05, 2e-05, 4e-05, 8e-05, 0.00015, 0.00028], [0.00012, 0.0001, 9e-05, 8e-05, 7e-05, 5e-05, 3e-05, 1e-05, 5e-05, 9e-05, 0.00012, 0.00015, 0.00015, 0.00015, 0.00013, 0.00011, 9e-05, 6e-05, 2e-05, 0.0, 2e-05, 3e-05, 3e-05, 2e-05, 1e-05, 1e-05, 2e-05, 3e-05, 3e-05, 2e-05, 1e-05, 0.0, 1e-05, 3e-05, 3e-05, 4e-05, 4e-05, 5e-05, 6e-05, 0.00013, 0.00024], [0.0001, 9e-05, 9e-05, 9e-05, 9e-05, 8e-05, 7e-05, 4e-05, 0.0, 3e-05, 6e-05, 9e-05, 0.00012, 0.00013, 0.00013, 0.00012, 0.00011, 9e-05, 7e-05, 4e-05, 3e-05, 2e-05, 1e-05, 1e-05, 2e-05, 2e-05, 3e-05, 2e-05, 3e-05, 2e-05, 1e-05, 1e-05, 3e-05, 3e-05, 4e-05, 4e-05, 4e-05, 4e-05, 5e-05, 0.0001, 0.0002], [8e-05, 7e-05, 8e-05, 9e-05, 0.0001, 0.0001, 9e-05, 8e-05, 5e-05, 3e-05, 1e-05, 5e-05, 8e-05, 0.0001, 0.00011, 0.00012, 0.00011, 0.00011, 0.0001, 8e-05, 7e-05, 6e-05, 4e-05, 4e-05, 4e-05, 3e-05, 3e-05, 3e-05, 2e-05, 0.0, 1e-05, 2e-05, 4e-05, 4e-05, 5e-05, 4e-05, 2e-05, 1e-05, 2e-05, 5e-05, 0.00013], [3e-05, 4e-05, 6e-05, 7e-05, 9e-05, 0.00011, 0.00011, 0.00012, 9e-05, 7e-05, 4e-05, 1e-05, 3e-05, 5e-05, 9e-05, 0.00011, 0.00012, 0.00012, 0.00012, 0.00011, 0.0001, 9e-05, 8e-05, 7e-05, 5e-05, 4e-05, 3e-05, 2e-05, 0.0, 1e-05, 3e-05, 4e-05, 5e-05, 4e-05, 4e-05, 3e-05, 1e-05, 1e-05, 3e-05, 0.0, 7e-05], [1e-05, 0.0, 3e-05, 5e-05, 8e-05, 0.00011, 0.00013, 0.00014, 0.00014, 0.00012, 0.0001, 6e-05, 3e-05, 1e-05, 5e-05, 9e-05, 0.00011, 0.00013, 0.00013, 0.00013, 0.00013, 0.00012, 0.0001, 8e-05, 6e-05, 4e-05, 2e-05, 1e-05, 1e-05, 3e-05, 4e-05, 5e-05, 5e-05, 4e-05, 3e-05, 1e-05, 2e-05, 5e-05, 7e-05, 5e-05, 0.0], [6e-05, 4e-05, 1e-05, 2e-05, 7e-05, 0.0001, 0.00014, 0.00015, 0.00016, 0.00016, 0.00014, 0.00011, 7e-05, 3e-05, 1e-05, 5e-05, 9e-05, 0.00011, 0.00014, 0.00015, 0.00014, 0.00013, 0.00011, 0.0001, 7e-05, 4e-05, 2e-05, 1e-05, 3e-05, 4e-05, 5e-05, 5e-05, 6e-05, 4e-05, 2e-05, 1e-05, 5e-05, 8e-05, 0.00011, 0.00011, 7e-05], [9e-05, 7e-05, 3e-05, 1e-05, 5e-05, 0.0001, 0.00014, 0.00016, 0.00019, 0.00018, 0.00018, 0.00015, 0.00012, 8e-05, 3e-05, 2e-05, 7e-05, 0.0001, 0.00013, 0.00015, 0.00015, 0.00014, 0.00012, 0.0001, 7e-05, 4e-05, 1e-05, 1e-05, 3e-05, 5e-05, 6e-05, 6e-05, 5e-05, 4e-05, 0.0, 3e-05, 7e-05, 0.00011, 0.00015, 0.00016, 0.00014], [0.00012, 0.0001, 6e-05, 2e-05, 3e-05, 8e-05, 0.00013, 0.00016, 0.00019, 0.0002, 0.00021, 0.00019, 0.00015, 0.00011, 6e-05, 1e-05, 4e-05, 7e-05, 0.00011, 0.00013, 0.00014, 0.00014, 0.00012, 0.0001, 7e-05, 4e-05, 1e-05, 1e-05, 4e-05, 4e-05, 5e-05, 6e-05, 5e-05, 3e-05, 1e-05, 4e-05, 8e-05, 0.00013, 0.00017, 0.0002, 0.0002], [0.00013, 0.0001, 7e-05, 3e-05, 2e-05, 7e-05, 0.00012, 0.00016, 0.0002, 0.00022, 0.00022, 0.0002, 0.00018, 0.00014, 9e-05, 4e-05, 0.0, 5e-05, 9e-05, 0.00011, 0.00012, 0.00012, 0.00011, 0.0001, 7e-05, 4e-05, 2e-05, 0.0, 2e-05, 4e-05, 4e-05, 4e-05, 3e-05, 1e-05, 2e-05, 5e-05, 0.0001, 0.00015, 0.00019, 0.00023, 0.00024], [0.00013, 0.00011, 7e-05, 3e-05, 1e-05, 6e-05, 0.00011, 0.00015, 0.00018, 0.0002, 0.00022, 0.00021, 0.00018, 0.00015, 0.00011, 6e-05, 1e-05, 2e-05, 6e-05, 8e-05, 0.0001, 0.00011, 9e-05, 9e-05, 6e-05, 4e-05, 2e-05, 1e-05, 1e-05, 2e-05, 2e-05, 3e-05, 2e-05, 1e-05, 2e-05, 5e-05, 9e-05, 0.00014, 0.00019, 0.00023, 0.00026], [0.00011, 9e-05, 6e-05, 3e-05, 1e-05, 6e-05, 0.0001, 0.00013, 0.00017, 0.00018, 0.0002, 0.00019, 0.00018, 0.00015, 0.00011, 7e-05, 3e-05, 0.0, 3e-05, 6e-05, 7e-05, 8e-05, 8e-05, 7e-05, 6e-05, 5e-05, 4e-05, 3e-05, 1e-05, 0.0, 1e-05, 1e-05, 1e-05, 1e-05, 2e-05, 4e-05, 8e-05, 0.00012, 0.00018, 0.00023, 0.00027], [8e-05, 7e-05, 5e-05, 3e-05, 1e-05, 4e-05, 8e-05, 0.00011, 0.00014, 0.00017, 0.00017, 0.00017, 0.00015, 0.00014, 0.00011, 8e-05, 5e-05, 2e-05, 1e-05, 3e-05, 5e-05, 6e-05, 6e-05, 7e-05, 6e-05, 6e-05, 6e-05, 5e-05, 3e-05, 3e-05, 2e-05, 1e-05, 0.0, 0.0, 0.0, 1e-05, 5e-05, 9e-05, 0.00015, 0.0002, 0.00026], [3e-05, 4e-05, 3e-05, 1e-05, 1e-05, 3e-05, 6e-05, 9e-05, 0.00011, 0.00013, 0.00014, 0.00014, 0.00013, 0.00012, 0.0001, 7e-05, 5e-05, 3e-05, 1e-05, 1e-05, 2e-05, 4e-05, 5e-05, 6e-05, 6e-05, 7e-05, 7e-05, 8e-05, 7e-05, 5e-05, 4e-05, 2e-05, 0.0, 1e-05, 1e-05, 1e-05, 1e-05, 5e-05, 0.0001, 0.00016, 0.00023], [1e-05, 0.0, 0.0, 1e-05, 0.0, 1e-05, 3e-05, 6e-05, 7e-05, 8e-05, 9e-05, 0.0001, 9e-05, 9e-05, 7e-05, 6e-05, 4e-05, 4e-05, 2e-05, 1e-05, 0.0, 2e-05, 4e-05, 5e-05, 6e-05, 7e-05, 8e-05, 0.0001, 9e-05, 8e-05, 6e-05, 3e-05, 0.0, 2e-05, 4e-05, 5e-05, 4e-05, 1e-05, 5e-05, 0.00011, 0.00019], [6e-05, 4e-05, 2e-05, 0.0, 0.0, 0.0, 1e-05, 2e-05, 4e-05, 5e-05, 5e-05, 5e-05, 5e-05, 5e-05, 5e-05, 4e-05, 4e-05, 3e-05, 2e-05, 2e-05, 1e-05, 1e-05, 2e-05, 4e-05, 7e-05, 8e-05, 0.0001, 0.00011, 0.00011, 9e-05, 7e-05, 4e-05, 0.0, 4e-05, 7e-05, 9e-05, 9e-05, 6e-05, 1e-05, 6e-05, 0.00014], [0.0001, 6e-05, 3e-05, 0.0, 1e-05, 2e-05, 2e-05, 1e-05, 1e-05, 0.0, 1e-05, 1e-05, 1e-05, 1e-05, 2e-05, 2e-05, 3e-05, 3e-05, 3e-05, 3e-05, 2e-05, 0.0, 1e-05, 3e-05, 6e-05, 8e-05, 0.0001, 0.00011, 0.00011, 0.0001, 7e-05, 3e-05, 2e-05, 6e-05, 0.0001, 0.00013, 0.00013, 0.00012, 7e-05, 0.0, 8e-05], [0.00014, 8e-05, 4e-05, 0.0, 3e-05, 5e-05, 5e-05, 5e-05, 5e-05, 5e-05, 4e-05, 3e-05, 2e-05, 1e-05, 0.0, 1e-05, 2e-05, 3e-05, 4e-05, 3e-05, 3e-05, 2e-05, 1e-05, 3e-05, 6e-05, 8e-05, 0.00011, 0.00011, 0.00011, 9e-05, 6e-05, 2e-05, 3e-05, 9e-05, 0.00013, 0.00017, 0.00017, 0.00016, 0.00011, 5e-05, 3e-05], [0.00015, 9e-05, 3e-05, 1e-05, 5e-05, 8e-05, 8e-05, 0.0001, 9e-05, 8e-05, 7e-05, 6e-05, 4e-05, 3e-05, 1e-05, 0.0, 2e-05, 3e-05, 4e-05, 4e-05, 4e-05, 2e-05, 1e-05, 2e-05, 5e-05, 7e-05, 9e-05, 0.0001, 0.0001, 7e-05, 5e-05, 0.0, 5e-05, 0.00011, 0.00015, 0.00019, 0.00019, 0.00018, 0.00015, 9e-05, 2e-05], [0.00014, 9e-05, 3e-05, 3e-05, 7e-05, 0.0001, 0.00012, 0.00012, 0.00013, 0.00011, 0.0001, 8e-05, 6e-05, 4e-05, 1e-05, 1e-05, 3e-05, 4e-05, 5e-05, 5e-05, 5e-05, 3e-05, 1e-05, 1e-05, 4e-05, 6e-05, 7e-05, 8e-05, 8e-05, 6e-05, 2e-05, 2e-05, 7e-05, 0.00012, 0.00016, 0.00019, 0.0002, 