{"schema": "pinnlab.compare/v1", "case_id": "ind-heat2d-inverse", "dims": ["x", "y"], "axes": {"x": [0.0, 0.0125, 0.025, 0.0375, 0.05, 0.0625, 0.075, 0.0875, 0.1, 0.1125, 0.125, 0.1375, 0.15, 0.1625, 0.175, 0.1875, 0.2, 0.2125, 0.225, 0.2375, 0.25, 0.2625, 0.275, 0.2875, 0.3, 0.3125, 0.325, 0.3375, 0.35, 0.3625, 0.375, 0.3875, 0.4, 0.4125, 0.425, 0.4375, 0.45, 0.4625, 0.475, 0.4875, 0.5, 0.5125, 0.525, 0.5375, 0.55, 0.5625, 0.575, 0.5875, 0.6, 0.6125, 0.625, 0.6375, 0.65, 0.6625, 0.675, 0.6875, 0.7, 0.7125, 0.725, 0.7375, 0.75, 0.7625, 0.775, 0.7875, 0.8, 0.8125, 0.825, 0.8375, 0.85, 0.8625, 0.875, 0.8875, 0.9, 0.9125, 0.925, 0.9375, 0.95, 0.9625, 0.975, 0.9875, 1.0], "y": [0.0, 0.0125, 0.025, 0.0375, 0.05, 0.0625, 0.075, 0.0875, 0.1, 0.1125, 0.125, 0.1375, 0.15, 0.1625, 0.175, 0.1875, 0.2, 0.2125, 0.225, 0.2375, 0.25, 0.2625, 0.275, 0.2875, 0.3, 0.3125, 0.325, 0.3375, 0.35, 0.3625, 0.375, 0.3875, 0.4, 0.4125, 0.425, 0.4375, 0.45, 0.4625, 0.475, 0.4875, 0.5, 0.5125, 0.525, 0.5375, 0.55, 0.5625, 0.575, 0.5875, 0.6, 0.6125, 0.625, 0.6375, 0.65, 0.6625, 0.675, 0.6875, 0.7, 0.7125, 0.725, 0.7375, 0.75, 0.7625, 0.775, 0.7875, 0.8, 0.8125, 0.825, 0.8375, 0.85, 0.8625, 0.875, 0.8875, 0.9, 0.9125, 0.925, 0.9375, 0.95, 0.9625, 0.975, 0.9875, 1.0]}, "fields": {"standard": [[1.0, 1.0, 1.0, 1.0, 1.0, 1.0, 1.0, 1.0, 1.0, 1.0, 1.0, 1.0, 1.0, 1.0, 1.0, 1.0, 1.0, 1.0, 1.0, 1.0, 1.0, 1.0, 1.0, 1.0, 1.0, 1.0, 1.0, 1.0, 1.0, 1.0, 1.0, 1.0, 1.0, 1.0, 1.0, 1.0, 1.0, 1.0, 1.0, 1.0, 1.0, 1.0, 1.0, 1.0, 1.0, 1.0, 1.0, 1.0, 1.0, 1.0, 1.0, 1.0, 1.0, 1.0, 1.0, 1.0, 1.0, 1.0, 1.0, 1.0, 1.0, 1.0, 1.0, 1.0, 1.0, 1.0, 1.0, 1.0, 1.0, 1.0, 1.0, 1.0, 1.0, 1.0, 1.0, 1.0, 1.0, 1.0, 1.0, 1.0, 1.0], [1.0, 1.00077, 1.00154, 1.00231, 1.00307, 1.00383, 1.00458, 1.00533, 1.00607, 1.00679, 1.00751, 1.00822, 1.00891, 1.00959, 1.01026, 1.01091, 1.01154, 1.01215, 1.01275, 1.01332, 1.01388, 1.01441, 1.01493, 1.01542, 1.01588, 1.01632, 1.01674, 1.01713, 1.01749, 1.01783, 1.01814, 1.01842, 1.01867, 1.01889, 1.01909, 1.01925, 1.01939, 1.01949, 1.01957, 1.01961, 1.01963, 1.01961, 1.01957, 1.01949, 1.01939, 1.01925, 1.01909, 1.01889, 1.01867, 1.01842, 1.01814, 1.01783, 1.01749, 1.01713, 1.01674, 1.01632, 1.01588, 1.01542, 1.01493, 1.01441, 1.01388, 1.01332, 1.01275, 1.01215, 1.01154, 1.01091, 1.01026, 1.00959, 1.00891, 1.00822, 1.00751, 1.00679, 1.00607, 1.00533, 1.00458, 1.00383, 1.00307, 1.00231, 1.00154, 1.00077, 1.0], [1.0, 1.00154, 1.00308, 1.00461, 1.00614, 1.00765, 1.00916, 1.01065, 1.01212, 1.01358, 1.01501, 1.01642, 1.01781, 1.01917, 1.0205, 1.02179, 1.02306, 1.02429, 1.02548, 1.02663, 1.02774, 1.02881, 1.02983, 1.03081, 1.03174, 1.03262, 1.03345, 1.03423, 1.03495, 1.03563, 1.03624, 1.0368, 1.03731, 1.03776, 1.03815, 1.03848, 1.03875, 1.03896, 1.03911, 1.0392, 1.03923, 1.0392, 1.03911, 1.03896, 1.03875, 1.03848, 1.03815, 1.03776, 1.03731, 1.0368, 1.03624, 1.03563, 1.03495, 1.03423, 1.03345, 1.03262, 1.03174, 1.03081, 1.02983, 1.02881, 1.02774, 1.02663, 1.02548, 1.02429, 1.02306, 1.02179, 1.0205, 1.01917, 1.01781, 1.01642, 1.01501, 1.01358, 1.01212, 1.01065, 1.00916, 1.00765, 1.00614, 1.00461, 1.00308, 1.00154, 1.0], [1.0, 1.00231, 1.00461, 1.00691, 1.00919, 1.01147, 1.01372, 1.01595, 1.01816, 1.02034, 1.02249, 1.0246, 1.02668, 1.02872, 1.03071, 1.03265, 1.03454, 1.03638, 1.03817, 1.03989, 1.04156, 1.04316, 1.04469, 1.04615, 1.04754, 1.04886, 1.05011, 1.05128, 1.05236, 1.05337, 1.0543, 1.05514, 1.05589, 1.05656, 1.05714, 1.05764, 1.05805, 1.05836, 1.05859, 1.05872, 1.05877, 1.05872, 1.05859, 1.05836, 1.05805, 1.05764, 1.05714, 1.05656, 1.05589, 1.05514, 1.0543, 1.05337, 1.05236, 1.05128, 1.05011, 1.04886, 1.04754, 1.04615, 1.04469, 1.04316, 1.04156, 1.03989, 1.03817, 1.03638, 1.03454, 1.03265, 1.03071, 1.02872, 1.02668, 1.0246, 1.02249, 1.02034, 1.01816, 1.01595, 1.01372, 1.01147, 1.00919, 1.00691, 1.00461, 1.00231, 1.0], [1.0, 1.00307, 1.00614, 1.00919, 1.01224, 1.01526, 1.01826, 1.02123, 1.02417, 1.02707, 1.02993, 1.03275, 1.03551, 1.03822, 1.04087, 1.04346, 1.04597, 1.04842, 1.0508, 1.05309, 1.05531, 1.05744, 1.05948, 1.06143, 1.06328, 1.06504, 1.06669, 1.06824, 1.06969, 1.07103, 1.07226, 1.07338, 1.07439, 1.07528, 1.07606, 1.07671, 1.07725, 1.07768, 1.07798, 1.07816, 1.07822, 1.07816, 1.07798, 1.07768, 1.07725, 1.07671, 1.07606, 1.07528, 1.07439, 1.07338, 1.07226, 1.07103, 1.06969, 1.06824, 1.06669, 1.06504, 1.06328, 1.06143, 1.05948, 1.05744, 1.05531, 1.05309, 1.0508, 1.04842, 1.04597, 1.04346, 1.04087, 1.03822, 1.03551, 1.03275, 1.02993, 1.02707, 1.02417, 1.02123, 1.01826, 1.01526, 1.01224, 1.00919, 1.00614, 1.00307, 1.0], [1.0, 1.00383, 1.00765, 1.01147, 1.01526, 1.01903, 1.02277, 1.02648, 1.03014, 1.03376, 1.03733, 1.04084, 1.04428, 1.04766, 1.05097, 1.05419, 1.05734, 1.06039, 1.06335, 1.06621, 1.06897, 1.07163, 1.07417, 1.0766, 1.07892, 1.08111, 1.08317, 1.08511, 1.08691, 1.08858, 1.09012, 1.09152, 1.09277, 1.09388, 1.09485, 1.09567, 1.09634, 1.09687, 1.09724, 1.09747, 1.09755, 1.09747, 1.09724, 1.09687, 1.09634, 1.09567, 1.09485, 1.09388, 1.09277, 1.09152, 1.09012, 1.08858, 1.08691, 1.08511, 1.08317, 1.08111, 1.07892, 1.0766, 1.07417, 1.07163, 1.06897, 1.06621, 1.06335, 1.06039, 1.05734, 1.05419, 1.05097, 1.04766, 1.04428, 1.04084, 1.03733, 1.03376, 1.03014, 1.02648, 1.02277, 1.01903, 1.01526, 1.01147, 1.00765, 1.00383, 1.0], [1.0, 1.00458, 1.00916, 1.01372, 1.01826, 1.02277, 1.02725, 1.03168, 1.03607, 1.0404, 1.04467, 1.04887, 1.05299, 1.05703, 1.06099, 1.06485, 1.06861, 1.07226, 1.07581, 1.07923, 1.08254, 1.08571, 1.08876, 1.09166, 1.09443, 1.09705, 1.09952, 1.10184, 1.104, 1.106, 1.10784, 1.10951, 1.11101, 1.11234, 1.1135, 1.11448, 1.11529, 1.11591, 1.11636, 1.11663, 1.11672, 1.11663, 1.11636, 1.11591, 1.11529, 1.11448, 1.1135, 1.11234, 1.11101, 1.10951, 1.10784, 1.106, 1.104, 1.10184, 1.09952, 1.09705, 1.09443, 1.09166, 1.08876, 1.08571, 1.08254, 1.07923, 1.07581, 1.07226, 1.06861, 1.06485, 1.06099, 1.05703, 1.05299, 1.04887, 1.04467, 1.0404, 1.03607, 1.03168, 1.02725, 1.02277, 1.01826, 1.01372, 1.00916, 1.00458, 1.0], [1.0, 1.00533, 1.01065, 1.01595, 1.02123, 1.02648, 1.03168, 1.03684, 1.04194, 1.04698, 1.05194, 1.05682, 1.06162, 1.06632, 1.07091, 1.0754, 1.07977, 1.08402, 1.08814, 1.09213, 1.09597, 1.09966, 1.1032, 1.10658, 1.1098, 1.11285, 1.11572, 1.11842, 1.12093, 1.12325, 1.12539, 1.12733, 1.12908, 1.13062, 1.13197, 1.13311, 1.13405, 1.13478, 1.1353, 1.13562, 1.13572, 1.13562, 1.1353, 1.13478, 1.13405, 1.13311, 1.13197, 1.13062, 1.12908, 1.12733, 1.12539, 1.12325, 1.12093, 1.11842, 1.11572, 1.11285, 1.1098, 1.10658, 1.1032, 1.09966, 1.09597, 1.09213, 1.08814, 1.08402, 1.07977, 1.0754, 1.07091, 1.06632, 1.06162, 1.05682, 1.05194, 1.04698, 1.04194, 1.03684, 1.03168, 1.02648, 1.02123, 1.01595, 1.01065, 1.00533, 1.0], [1.0, 1.00607, 1.01212, 1.01816, 1.02417, 1.03014, 1.03607, 1.04194, 1.04775, 1.05348, 1.05913, 1.06469, 1.07015, 1.0755, 1.08073, 1.08584, 1.09082, 1.09566, 1.10035, 1.10488, 1.10925, 1.11346, 1.11749, 1.12134, 1.125, 1.12847, 1.13174, 1.13481, 1.13767, 1.14032, 1.14275, 1.14496, 1.14695, 1.14871, 1.15024, 1.15154, 1.15261, 1.15344, 1.15403, 1.15439, 1.15451, 1.15439, 1.15403, 1.15344, 1.15261, 1.15154, 1.15024, 1.14871, 1.14695, 1.14496, 1.14275, 1.14032, 1.13767, 1.13481, 1.13174, 1.12847, 1.125, 1.12134, 1.11749, 1.11346, 1.10925, 1.10488, 1.10035, 1.09566, 1.09082, 1.08584, 1.08073, 1.0755, 1.07015, 1.06469, 1.05913, 1.05348, 1.04775, 1.04194, 1.03607, 1.03014, 1.02417, 1.01816, 1.01212, 1.00607, 1.0], [1.0, 1.00679, 1.01358, 1.02034, 1.02707, 1.03376, 1.0404, 1.04698, 1.05348, 1.0599, 1.06623, 1.07245, 1.07857, 1.08456, 1.09042, 1.09615, 1.10172, 1.10714, 1.11239, 1.11747, 1.12237, 1.12708, 1.13159, 1.13591, 1.14001, 1.14389, 1.14756, 1.15099, 1.1542, 1.15716, 1.15989, 1.16236, 1.16459, 1.16656, 1.16828, 1.16973, 1.17093, 1.17186, 1.17253, 1.17293, 1.17306, 1.17293, 1.17253, 1.17186, 1.17093, 1.16973, 1.16828, 1.16656, 1.16459, 1.16236, 1.15989, 1.15716, 1.1542, 1.15099, 1.14756, 1.14389, 1.14001, 1.13591, 1.13159, 1.12708, 1.12237, 1.11747, 1.11239, 1.10714, 1.10172, 1.09615, 1.09042, 1.08456, 1.07857, 1.07245, 1.06623, 1.0599, 1.05348, 1.04698, 1.0404, 1.03376, 1.02707, 1.02034, 1.01358, 1.00679, 1.0], [1.0, 1.00751, 1.01501, 1.02249, 1.02993, 1.03733, 1.04467, 1.05194, 1.05913, 1.06623, 1.07322, 1.08011, 1.08687, 1.09349, 1.09998, 1.1063, 1.11247, 1.11846, 1.12427, 1.12988, 1.1353, 1.14051, 1.1455, 1.15026, 1.1548, 1.15909, 1.16315, 1.16694, 1.17049, 1.17377, 1.17678, 1.17952, 1.18198, 1.18416, 1.18605, 1.18767, 1.18899, 1.19002, 1.19075, 1.19119, 1.19134, 1.19119, 1.19075, 1.19002, 1.18899, 1.18767, 1.18605, 1.18416, 1.18198, 1.17952, 1.17678, 1.17377, 1.17049, 1.16694, 1.16315, 1.15909, 1.1548, 1.15026, 1.1455, 1.14051, 1.1353, 1.12988, 1.12427, 1.11846, 1.11247, 1.1063, 1.09998, 1.09349, 1.08687, 1.08011, 1.07322, 1.06623, 1.05913, 1.05194, 1.04467, 1.03733, 1.02993, 1.02249, 1.01501, 1.00751, 1.0], [1.0, 1.00822, 1.01642, 1.0246, 1.03275, 1.04084, 1.04887, 1.05682, 1.06469, 1.07245, 1.08011, 1.08764, 1.09503, 1.10228, 1.10937, 1.1163, 1.12304, 1.12959, 1.13595, 1.14209, 1.14802, 1.15372, 1.15918, 1.16439, 1.16935, 1.17405, 1.17848, 1.18264, 1.18651, 1.1901, 1.1934, 1.19639, 1.19908, 1.20147, 1.20355, 1.20531, 1.20675, 1.20788, 1.20868, 1.20917, 1.20933, 1.20917, 1.20868, 1.20788, 1.20675, 1.20531, 1.20355, 1.20147, 1.19908, 1.19639, 1.1934, 1.1901, 1.18651, 1.18264, 1.17848, 1.17405, 1.16935, 1.16439, 1.15918, 1.15372, 1.14802, 1.14209, 1.13595, 1.12959, 1.12304, 1.1163, 1.10937, 1.10228, 1.09503, 1.08764, 1.08011, 1.07245, 1.06469, 1.05682, 1.04887, 1.04084, 1.03275, 1.0246, 1.01642, 1.00822, 1.0], [1.0, 1.00891, 1.01781, 1.02668, 1.03551, 1.04428, 1.05299, 1.06162, 1.07015, 1.07857, 1.08687, 1.09503, 1.10305, 1.11091, 1.1186, 1.12611, 1.13342, 1.14053, 1.14742, 1.15408, 1.16051, 1.16669, 1.17261, 1.17826, 1.18364, 1.18874, 1.19355, 1.19805, 1.20225, 1.20614, 1.20972, 1.21296, 1.21589, 1.21847, 1.22072, 1.22263, 1.2242, 1.22542, 1.2263, 1.22682, 1.227, 1.22682, 1.2263, 1.22542, 1.2242, 1.22263, 1.22072, 1.21847, 1.21589, 1.21296, 1.20972, 1.20614, 1.20225, 1.19805, 1.19355, 1.18874, 1.18364, 1.17826, 1.17261, 1.16669, 1.16051, 1.15408, 1.14742, 1.14053, 1.13342, 1.12611, 1.1186, 1.11091, 1.10305, 1.09503, 1.08687, 1.07857, 1.07015, 1.06162, 1.05299, 1.04428, 1.03551, 1.02668, 1.01781, 1.00891, 1.0], [1.0, 1.00959, 1.01917, 1.02872, 1.03822, 1.04766, 1.05703, 1.06632, 1.0755, 1.08456, 1.09349, 1.10228, 1.11091, 1.11938, 1.12765, 1.13573, 1.1436, 1.15125, 1.15867, 1.16584, 1.17275, 1.1794, 1.18578, 1.19186, 1.19765, 1.20314, 1.20831, 1.21316, 1.21768, 1.22187, 1.22571, 1.22921, 1.23235, 1.23514, 1.23756, 1.23962, 1.2413, 1.24262, 1.24356, 1.24412, 1.24431, 1.24412, 1.24356, 1.24262, 1.2413, 1.23962, 1.23756, 1.23514, 1.23235, 1.22921, 1.22571, 1.22187, 1.21768, 1.21316, 1.20831, 1.20314, 1.19765, 1.19186, 1.18578, 1.1794, 1.17275, 1.16584, 1.15867, 1.15125, 1.1436, 1.13573, 1.12765, 1.11938, 1.11091, 1.10228, 1.09349, 1.08456, 1.0755, 1.06632, 1.05703, 1.04766, 1.03822, 1.02872, 1.01917, 1.00959, 1.0], [1.0, 1.01026, 1.0205, 1.03071, 1.04087, 1.05097, 1.06099, 1.07091, 1.08073, 1.09042, 1.09998, 1.10937, 1.1186, 1.12765, 1.1365, 1.14514, 1.15356, 1.16174, 1.16967, 1.17734, 1.18473, 1.19184, 1.19866, 1.20516, 1.21136, 1.21722, 1.22275, 1.22794, 1.23277, 1.23725, 1.24136, 1.2451, 1.24846, 1.25144, 1.25403, 1.25623, 1.25803, 1.25944, 1.26044, 1.26105, 1.26125, 1.26105, 1.26044, 1.25944, 1.25803, 1.25623, 1.25403, 1.25144, 1.24846, 1.2451, 1.24136, 1.23725, 1.23277, 1.22794, 1.22275, 1.21722, 1.21136, 1.20516, 1.19866, 1.19184, 1.18473, 1.17734, 1.16967, 1.16174, 1.15356, 1.14514, 1.1365, 1.12765, 1.1186, 1.10937, 1.09998, 1.09042, 1.08073, 1.07091, 1.06099, 1.05097, 1.04087, 1.03071, 1.0205, 1.01026, 1.0], [1.0, 1.01091, 1.02179, 1.03265, 1.04346, 1.05419, 1.06485, 1.0754, 1.08584, 1.09615, 1.1063, 1.1163, 1.12611, 1.13573, 1.14514, 1.15433, 1.16328, 1.17198, 1.18041, 1.18856, 1.19642, 1.20398, 1.21123, 1.21815, 1.22473, 1.23097, 1.23685, 1.24237, 1.24751, 1.25227, 1.25664, 1.26062, 1.26419, 1.26736, 1.27011, 1.27245, 1.27437, 1.27586, 1.27693, 1.27757, 1.27779, 1.27757, 1.27693, 1.27586, 1.27437, 1.27245, 1.27011, 1.26736, 1.26419, 1.26062, 1.25664, 1.25227, 1.24751, 1.24237, 1.23685, 1.23097, 1.22473, 1.21815, 1.21123, 1.20398, 1.19642, 1.18856, 1.18041, 1.17198, 1.16328, 1.15433, 1.14514, 1.13573, 1.12611, 1.1163, 1.1063, 1.09615, 1.08584, 1.0754, 1.06485, 1.05419, 1.04346, 1.03265, 1.02179, 1.01091, 1.0], [1.0, 1.01154, 1.02306, 1.03454, 1.04597, 1.05734, 1.06861, 1.07977, 1.09082, 1.10172, 1.11247, 1.12304, 1.13342, 1.1436, 1.15356, 1.16328, 1.17275, 1.18195, 1.19087, 1.19949, 1.20781, 1.21581, 1.22348, 1.2308, 1.23776, 1.24436, 1.25058, 1.25642, 1.26186, 1.2669, 1.27152, 1.27573, 1.27951, 1.28286, 1.28577, 1.28825, 1.29027, 1.29186, 1.29299, 1.29367, 1.29389, 1.29367, 1.29299, 1.29186, 1.29027, 1.28825, 1.28577, 1.28286, 1.27951, 1.27573, 1.27152, 1.2669, 1.26186, 1.25642, 1.25058, 1.24436, 1.23776, 1.2308, 1.22348, 1.21581, 1.20781, 1.19949, 1.19087, 1.18195, 1.17275, 1.16328, 1.15356, 1.1436, 1.13342, 1.12304, 1.11247, 1.10172, 1.09082, 1.07977, 1.06861, 1.05734, 1.04597, 1.03454, 1.02306, 1.01154, 1.0], [1.0, 1.01215, 1.02429, 1.03638, 1.04842, 1.06039, 1.07226, 1.08402, 1.09566, 1.10714, 1.11846, 1.12959, 1.14053, 1.15125, 1.16174, 1.17198, 1.18195, 1.19164, 1.20103, 1.21012, 1.21888, 1.22731, 1.23538, 1.24309, 1.25043, 1.25738, 1.26393, 1.27008, 1.27581, 1.28111, 1.28598, 1.29041, 1.2944, 1.29793, 1.30099, 1.3036, 1.30574, 1.3074, 1.30859, 1.30931, 1.30955, 1.30931, 1.30859, 1.3074, 1.30574, 1.3036, 1.30099, 1.29793, 1.2944, 1.29041, 1.28598, 1.28111, 1.27581, 1.27008, 1.26393, 1.25738, 1.25043, 1.24309, 1.23538, 1.22731, 1.21888, 1.21012, 1.20103, 1.19164, 1.18195, 1.17198, 1.16174, 1.15125, 1.14053, 1.12959, 1.11846, 1.10714, 1.09566, 1.08402, 1.07226, 1.06039, 1.04842, 1.03638, 1.02429, 1.01215, 1.0], [1.0, 1.01275, 1.02548, 1.03817, 1.0508, 1.06335, 1.07581, 1.08814, 1.10035, 1.11239, 1.12427, 1.13595, 1.14742, 1.15867, 1.16967, 1.18041, 1.19087, 1.20103, 1.21089, 1.22042, 1.22961, 1.23845, 1.24692, 1.25501, 1.26271, 1.27, 1.27687, 1.28332, 1.28933, 1.2949, 1.30001, 1.30465, 1.30883, 1.31253, 1.31575, 1.31848, 1.32073, 1.32247, 1.32372, 1.32447, 1.32472, 1.32447, 1.32372, 1.32247, 1.32073, 1.31848, 1.31575, 1.31253, 1.30883, 1.30465, 1.30001, 1.2949, 1.28933, 1.28332, 1.27687, 1.27, 1.26271, 1.25501, 1.24692, 1.23845, 1.22961, 1.22042, 1.21089, 1.20103, 1.19087, 1.18041, 1.16967, 1.15867, 1.14742, 1.13595, 1.12427, 1.11239, 1.10035, 1.08814, 1.07581, 1.06335, 1.0508, 1.03817, 1.02548, 1.01275, 1.0], [1.0, 1.01332, 1.02663, 1.03989, 1.05309, 1.06621, 1.07923, 1.09213, 1.10488, 1.11747, 1.12988, 1.14209, 1.15408, 1.16584, 1.17734, 1.18856, 1.19949, 1.21012, 1.22042, 1.23039, 1.23999, 1.24923, 1.25808, 1.26654, 1.27458, 1.2822, 1.28939, 1.29613, 1.30241, 1.30822, 1.31357, 1.31842, 1.32279, 1.32666, 1.33002, 1.33288, 1.33522, 1.33705, 1.33835, 1.33914, 1.3394, 1.33914, 1.33835, 1.33705, 1.33522, 1.33288, 1.33002, 1.32666, 1.32279, 1.31842, 1.31357, 1.30822, 1.30241, 1.29613, 1.28939, 1.2822, 1.27458, 1.26654, 1.25808, 1.24923, 1.23999, 1.23039, 1.22042, 1.21012, 1.19949, 1.18856, 1.17734, 1.16584, 1.15408, 1.14209, 1.12988, 1.11747, 1.10488, 1.09213, 1.07923, 1.06621, 1.05309, 1.03989, 1.02663, 1.01332, 1.0], [1.0, 1.01388, 1.02774, 1.04156, 1.05531, 1.06897, 1.08254, 1.09597, 1.10925, 1.12237, 1.1353, 1.14802, 1.16051, 1.17275, 1.18473, 1.19642, 1.20781, 1.21888, 1.22961, 1.23999, 1.25, 1.25962, 1.26884, 1.27765, 1.28603, 1.29397, 1.30145, 1.30847, 1.31502, 1.32108, 1.32664, 1.3317, 1.33625, 1.34028, 1.34378, 1.34676, 1.3492, 1.3511, 1.35246, 1.35328, 1.35355, 1.35328, 1.35246, 1.3511, 1.3492, 1.34676, 1.34378, 1.34028, 1.33625, 1.3317, 1.32664, 1.32108, 1.31502, 1.30847, 1.30145, 1.29397, 1.28603, 1.27765, 1.26884, 1.25962, 1.25, 1.23999, 1.22961, 1.21888, 1.20781, 1.19642, 1.18473, 1.17275, 1.16051, 1.14802, 1.1353, 1.12237, 1.10925, 1.09597, 1.08254, 1.06897, 1.05531, 1.04156, 1.02774, 1.01388, 1.0], [1.0, 1.01441, 1.02881, 1.04316, 1.05744, 1.07163, 1.08571, 1.09966, 1.11346, 1.12708, 1.14051, 1.15372, 1.16669, 1.1794, 1.19184, 1.20398, 1.21581, 1.22731, 1.23845, 1.24923, 1.25962, 1.26961, 1.27919, 1.28834, 1.29704, 1.30528, 1.31306, 1.32035, 1.32714, 1.33343, 1.33921, 1.34447, 1.34919, 1.35338, 1.35702, 1.36011, 1.36264, 1.36462, 1.36603, 1.36688, 1.36716, 1.36688, 1.36603, 1.36462, 1.36264, 1.36011, 1.35702, 1.35338, 1.34919, 1.34447, 1.33921, 1.33343, 1.32714, 1.32035, 1.31306, 1.30528, 1.29704, 1.28834, 1.27919, 1.26961, 1.25962, 1.24923, 1.23845, 1.22731, 1.21581, 1.20398, 1.19184, 1.1794, 1.16669, 1.15372, 1.14051, 1.12708, 1.11346, 1.09966, 1.08571, 1.07163, 1.05744, 1.04316, 1.02881, 1.01441, 1.0], [1.0, 1.01493, 1.02983, 1.04469, 1.05948, 1.07417, 1.08876, 1.1032, 1.11749, 1.13159, 1.1455, 1.15918, 1.17261, 1.18578, 1.19866, 1.21123, 1.22348, 1.23538, 1.24692, 1.25808, 1.26884, 1.27919, 1.28911, 1.29858, 1.30759, 1.31613, 1.32418, 1.33173, 1.33876, 1.34528, 1.35126, 1.3567, 1.36159, 1.36593, 1.3697, 1.3729, 1.37552, 1.37757, 1.37903, 1.37991, 1.3802, 1.37991, 1.37903, 1.37757, 1.37552, 1.3729, 1.3697, 1.36593, 1.36159, 1.3567, 1.35126, 1.34528, 1.33876, 1.33173, 1.32418, 1.31613, 1.30759, 1.29858, 1.28911, 1.27919, 1.26884, 1.25808, 1.24692, 1.23538, 1.22348, 1.21123, 1.19866, 1.18578, 1.17261, 1.15918, 1.1455, 1.13159, 1.11749, 1.1032, 1.08876, 1.07417, 1.05948, 1.04469, 1.02983, 1.01493, 1.0], [1.0, 1.01542, 1.03081, 1.04615, 1.06143, 1.0766, 1.09166, 1.10658, 1.12134, 1.13591, 1.15026, 1.16439, 1.17826, 1.19186, 1.20516, 1.21815, 1.2308, 1.24309, 1.25501, 1.26654, 1.27765, 1.28834, 1.29858, 1.30836, 1.31767, 1.32648, 1.3348, 1.34259, 1.34986, 1.35659, 1.36277, 1.36839, 1.37344, 1.37792, 1.38181, 1.38511, 1.38782, 1.38994, 1.39145, 1.39236, 1.39266, 1.39236, 1.39145, 1.38994, 1.38782, 1.38511, 1.38181, 1.37792, 1.37344, 1.36839, 1.36277, 1.35659, 1.34986, 1.34259, 1.3348, 1.32648, 1.31767, 1.30836, 1.29858, 1.28834, 1.27765, 1.26654, 1.25501, 1.24309, 1.2308, 1.21815, 1.20516, 1.19186, 1.17826, 1.16439, 1.15026, 1.13591, 1.12134, 1.10658, 1.09166, 1.0766, 1.06143, 1.04615, 1.03081, 1.01542, 1.0], [1.0, 1.01588, 1.03174, 1.04754, 1.06328, 1.07892, 1.09443, 1.1098, 1.125, 1.14001, 1.1548, 1.16935, 1.18364, 1.19765, 1.21136, 1.22473, 1.23776, 1.25043, 1.26271, 1.27458, 1.28603, 1.29704, 1.30759, 1.31767, 1.32725, 1.33634, 1.3449, 1.35293, 1.36042, 1.36735, 1.37372, 1.37951, 1.38471, 1.38932, 1.39333, 1.39674, 1.39953, 1.4017, 1.40326, 1.4042, 1.40451, 1.4042, 1.40326, 1.4017, 1.39953, 1.39674, 1.39333, 1.38932, 1.38471, 1.37951, 1.37372, 1.36735, 1.36042, 1.35293, 1.3449, 1.33634, 1.32725, 1.31767, 1.30759, 1.29704, 1.28603, 1.27458, 1.26271, 1.25043, 1.23776, 1.22473, 1.21136, 1.19765, 1.18364, 1.16935, 1.1548, 1.14001, 1.125, 1.1098, 1.09443, 1.07892, 1.06328, 1.04754, 1.03174, 1.01588, 1.0], [1.0, 1.01632, 1.03262, 1.04886, 1.06504, 1.08111, 1.09705, 1.11285, 1.12847, 1.14389, 1.15909, 1.17405, 1.18874, 1.20314, 1.21722, 1.23097, 1.24436, 1.25738, 1.27, 1.2822, 1.29397, 1.30528, 1.31613, 1.32648, 1.33634, 1.34567, 1.35447, 1.36273, 1.37042, 1.37755, 1.38409, 1.39004, 1.39539, 1.40013, 1.40425, 1.40775, 1.41062, 1.41285, 1.41445, 1.41541, 1.41573, 1.41541, 1.41445, 1.41285, 1.41062, 1.40775, 1.40425, 1.40013, 1.39539, 1.39004, 1.38409, 1.37755, 1.37042, 1.36273, 1.35447, 1.34567, 1.33634, 1.32648, 1.31613, 1.30528, 1.29397, 1.2822, 1.27, 1.25738, 1.24436, 1.23097, 1.21722, 1.20314, 1.18874, 1.17405, 1.15909, 1.14389, 1.12847, 1.11285, 1.09705, 1.08111, 1.06504, 1.04886, 1.03262, 1.01632, 1.0], [1.0, 1.01674, 1.03345, 1.05011, 1.06669, 1.08317, 1.09952, 1.11572, 1.13174, 1.14756, 1.16315, 1.17848, 1.19355, 1.20831, 1.22275, 1.23685, 1.25058, 1.26393, 1.27687, 1.28939, 1.30145, 1.31306, 1.32418, 1.3348, 1.3449, 1.35447, 1.3635, 1.37196, 1.37985, 1.38716, 1.39387, 1.39997, 1.40545, 1.41031, 1.41454, 1.41813, 1.42107, 1.42337, 1.42501, 1.42599, 1.42632, 1.42599, 1.42501, 1.42337, 1.42107, 1.41813, 1.41454, 1.41031, 1.40545, 1.39997, 1.39387, 1.38716, 1.37985, 1.37196, 1.3635, 1.35447, 1.3449, 1.3348, 1.32418, 1.31306, 1.30145, 1.28939, 1.27687, 1.26393, 1.25058, 1.23685, 1.22275, 1.20831, 1.19355, 1.17848, 1.16315, 1.14756, 1.13174, 1.11572, 1.09952, 1.08317, 1.06669, 1.05011, 1.03345, 1.01674, 1.0], [1.0, 1.01713, 1.03423, 1.05128, 1.06824, 1.08511, 1.10184, 1.11842, 1.13481, 1.15099, 1.16694, 1.18264, 1.19805, 1.21316, 1.22794, 1.24237, 1.25642, 1.27008, 1.28332, 1.29613, 1.30847, 1.32035, 1.33173, 1.34259, 1.35293, 1.36273, 1.37196, 1.38062, 1.3887, 1.39618, 1.40304, 1.40928, 1.4149, 1.41987, 1.42419, 1.42787, 1.43088, 1.43322, 1.4349, 1.43591, 1.43625, 1.43591, 1.4349, 1.43322, 1.43088, 1.42787, 1.42419, 1.41987, 1.4149, 1.40928, 1.40304, 1.39618, 1.3887, 1.38062, 1.37196, 1.36273, 1.35293, 1.34259, 1.33173, 1.32035, 1.30847, 1.29613, 1.28332, 1.27008, 1.25642, 1.24237, 1.22794, 1.21316, 1.19805, 1.18264, 1.16694, 1.15099, 1.13481, 1.11842, 1.10184, 1.08511, 1.06824, 1.05128, 1.03423, 1.01713, 1.0], [1.0, 1.01749, 1.03495, 1.05236, 1.06969, 1.08691, 1.104, 1.12093, 1.13767, 1.1542, 1.17049, 1.18651, 1.20225, 1.21768, 1.23277, 1.24751, 1.26186, 1.27581, 1.28933, 1.30241, 1.31502, 1.32714, 1.33876, 1.34986, 1.36042, 1.37042, 1.37985, 1.3887, 1.39695, 1.40458, 1.41159, 1.41797, 1.4237, 1.42878, 1.43319, 1.43694, 1.44002, 1.44242, 1.44413, 1.44516, 1.4455, 1.44516, 1.44413, 1.44242, 1.44002, 1.43694, 1.43319, 1.42878, 1.4237, 1.41797, 1.41159, 1.40458, 1.39695, 1.3887, 1.37985, 1.37042, 1.36042, 1.34986, 1.33876, 1.32714, 1.31502, 1.30241, 1.28933, 1.27581, 1.26186, 1.24751, 1.23277, 1.21768, 1.20225, 1.18651, 1.17049, 1.1542, 1.13767, 1.12093, 1.104, 1.08691, 1.06969, 1.05236, 1.03495, 1.01749, 1.0], [1.0, 1.01783, 1.03563, 1.05337, 1.07103, 1.08858, 1.106, 1.12325, 1.14032, 1.15716, 1.17377, 1.1901, 1.20614, 1.22187, 1.23725, 1.25227, 1.2669, 1.28111, 1.2949, 1.30822, 1.32108, 1.33343, 1.34528, 1.35659, 1.36735, 1.37755, 1.38716, 1.39618, 1.40458, 1.41236, 1.41951, 1.42601, 1.43185, 1.43702, 1.44153, 1.44535, 1.44848, 1.45092, 1.45267, 1.45372, 1.45407, 1.45372, 1.45267, 1.45092, 1.44848, 1.44535, 1.44153, 1.43702, 1.43185, 1.42601, 1.41951, 1.41236, 1.40458, 1.39618, 1.38716, 1.37755, 1.36735, 1.35659, 1.34528, 1.33343, 1.32108, 1.30822, 1.2949, 1.28111, 1.2669, 1.25227, 1.23725, 1.22187, 1.20614, 1.1901, 1.17377, 1.15716, 1.14032, 1.12325, 1.106, 1.08858, 1.07103, 1.05337, 1.03563, 1.01783, 1.0], [1.0, 1.01814, 1.03624, 1.0543, 1.07226, 1.09012, 1.10784, 1.12539, 1.14275, 1.15989, 1.17678, 1.1934, 1.20972, 1.22571, 1.24136, 1.25664, 1.27152, 1.28598, 1.30001, 1.31357, 1.32664, 1.33921, 1.35126, 1.36277, 1.37372, 1.38409, 1.39387, 1.40304, 1.41159, 1.41951, 1.42678, 1.43339, 1.43933, 1.4446, 1.44918, 1.45306, 1.45625, 1.45874, 1.46052, 1.46158, 1.46194, 1.46158, 1.46052, 1.45874, 1.45625, 1.45306, 1.44918, 1.4446, 1.43933, 1.43339, 1.42678, 1.41951, 1.41159, 1.40304, 1.39387, 1.38409, 1.37372, 1.36277, 1.35126, 1.33921, 1.32664, 1.31357, 1.30001, 1.28598, 1.27152, 1.25664, 1.24136, 1.22571, 1.20972, 1.1934, 1.17678, 1.15989, 1.14275, 1.12539, 1.10784, 1.09012, 1.07226, 1.0543, 1.03624, 1.01814, 1.0], [1.0, 1.01842, 1.0368, 1.05514, 1.07338, 1.09152, 1.10951, 1.12733, 1.14496, 1.16236, 1.17952, 1.19639, 1.21296, 1.22921, 1.2451, 1.26062, 1.27573, 1.29041, 1.30465, 1.31842, 1.3317, 1.34447, 1.3567, 1.36839, 1.37951, 1.39004, 1.39997, 1.40928, 1.41797, 1.42601, 1.43339, 1.4401, 1.44614, 1.45148, 1.45613, 1.46008, 1.46332, 1.46584, 1.46765, 1.46873, 1.4691, 1.46873, 1.46765, 1.46584, 1.46332, 1.46008, 1.45613, 1.45148, 1.44614, 1.4401, 1.43339, 1.42601, 1.41797, 1.40928, 1.39997, 1.39004, 1.37951, 1.36839, 1.3567, 1.34447, 1.3317, 1.31842, 1.30465, 1.29041, 1.27573, 1.26062, 1.2451, 1.22921, 1.21296, 1.19639, 1.17952, 1.16236, 1.14496, 1.12733, 1.10951, 1.09152, 1.07338, 1.05514, 1.0368, 1.01842, 1.0], [1.0, 1.01867, 1.03731, 1.05589, 1.07439, 1.09277, 1.11101, 1.12908, 1.14695, 1.16459, 1.18198, 1.19908, 1.21589, 1.23235, 1.24846, 1.26419, 1.27951, 1.2944, 1.30883, 1.32279, 1.33625, 1.34919, 1.36159, 1.37344, 1.38471, 1.39539, 1.40545, 1.4149, 1.4237, 1.43185, 1.43933, 1.44614, 1.45225, 1.45767, 1.46239, 1.46639, 1.46967, 1.47223, 1.47406, 1.47516, 1.47553, 1.47516, 1.47406, 1.47223, 1.46967, 1.46639, 1.46239, 1.45767, 1.45225, 1.44614, 1.43933, 1.43185, 1.4237, 1.4149, 1.40545, 1.39539, 1.38471, 1.37344, 1.36159, 1.34919, 1.33625, 1.32279, 1.30883, 1.2944, 1.27951, 1.26419, 1.24846, 1.23235, 1.21589, 1.19908, 1.18198, 1.16459, 1.14695, 1.12908, 1.11101, 1.09277, 1.07439, 1.05589, 1.03731, 1.01867, 1.0], [1.0, 1.01889, 1.03776, 1.05656, 1.07528, 1.09388, 1.11234, 1.13062, 1.14871, 1.16656, 1.18416, 1.20147, 1.21847, 1.23514, 1.25144, 1.26736, 1.28286, 1.29793, 1.31253, 1.32666, 1.34028, 1.35338, 1.36593, 1.37792, 1.38932, 1.40013, 1.41031, 1.41987, 1.42878, 1.43702, 1.4446, 1.45148, 1.45767, 1.46316, 1.46793, 1.47198, 1.4753, 1.47789, 1.47974, 1.48086, 1.48123, 1.48086, 1.47974, 1.47789, 1.4753, 1.47198, 1.46793, 1.46316, 1.45767, 1.45148, 1.4446, 1.43702, 1.42878, 1.41987, 1.41031, 1.40013, 1.38932, 1.37792, 1.36593, 1.35338, 1.34028, 1.32666, 1.31253, 1.29793, 1.28286, 1.26736, 1.25144, 1.23514, 1.21847, 1.20147, 1.18416, 1.16656, 1.14871, 1.13062, 1.11234, 1.09388, 1.07528, 1.05656, 1.03776, 1.01889, 1.0], [1.0, 1.01909, 1.03815, 1.05714, 1.07606, 1.09485, 1.1135, 1.13197, 1.15024, 1.16828, 1.18605, 1.20355, 1.22072, 1.23756, 1.25403, 1.27011, 1.28577, 1.30099, 1.31575, 1.33002, 1.34378, 1.35702, 1.3697, 1.38181, 1.39333, 1.40425, 1.41454, 1.42419, 1.43319, 1.44153, 1.44918, 1.45613, 1.46239, 1.46793, 1.47275, 1.47684, 1.4802, 1.48281, 1.48469, 1.48581, 1.48618, 1.48581, 1.48469, 1.48281, 1.4802, 1.47684, 1.47275, 1.46793, 1.46239, 1.45613, 1.44918, 1.44153, 1.43319, 1.42419, 1.41454, 1.40425, 1.39333, 1.38181, 1.3697, 1.35702, 1.34378, 1.33002, 1.31575, 1.30099, 1.28577, 1.27011, 1.25403, 1.23756, 1.22072, 1.20355, 1.18605, 1.16828, 1.15024, 1.13197, 1.1135, 1.09485, 1.07606, 1.05714, 1.03815, 1.01909, 1.0], [1.0, 1.01925, 1.03848, 1.05764, 1.07671, 1.09567, 1.11448, 1.13311, 1.15154, 1.16973, 1.18767, 1.20531, 1.22263, 1.23962, 1.25623, 1.27245, 1.28825, 1.3036, 1.31848, 1.33288, 1.34676, 1.36011, 1.3729, 1.38511, 1.39674, 1.40775, 1.41813, 1.42787, 1.43694, 1.44535, 1.45306, 1.46008, 1.46639, 1.47198, 1.47684, 1.48097, 1.48436, 1.48699, 1.48888, 1.49001, 1.49039, 1.49001, 1.48888, 1.48699, 1.48436, 1.48097, 1.47684, 1.47198, 1.46639, 1.46008, 1.45306, 1.44535, 1.43694, 1.42787, 1.41813, 1.40775, 1.39674, 1.38511, 1.3729, 1.36011, 1.34676, 1.33288, 1.31848, 1.3036, 1.28825, 1.27245, 1.25623, 1.23962, 1.22263, 1.20531, 1.18767, 1.16973, 1.15154, 1.13311, 1.11448, 1.09567, 1.07671, 1.05764, 1.03848, 1.01925, 1.0], [1.0, 1.01939, 1.03875, 1.05805, 1.07725, 1.09634, 1.11529, 1.13405, 1.15261, 1.17093, 1.18899, 1.20675, 1.2242, 1.2413, 1.25803, 1.27437, 1.29027, 1.30574, 1.32073, 1.33522, 1.3492, 1.36264, 1.37552, 1.38782, 1.39953, 1.41062, 1.42107, 1.43088, 1.44002, 1.44848, 1.45625, 1.46332, 1.46967, 1.4753, 1.4802, 1.48436, 1.48776, 1.49042, 1.49232, 1.49346, 1.49384, 1.49346, 1.49232, 1.49042, 1.48776, 1.48436, 1.4802, 1.4753, 1.46967, 1.46332, 1.45625, 1.44848, 1.44002, 1.43088, 1.42107, 1.41062, 1.39953, 1.38782, 1.37552, 1.36264, 1.3492, 1.33522, 1.32073, 1.30574, 1.29027, 1.27437, 1.25803, 1.2413, 1.2242, 1.20675, 1.18899, 1.17093, 1.15261, 1.13405, 1.11529, 1.09634, 1.07725, 1.05805, 1.03875, 1.01939, 1.0], [1.0, 1.01949, 1.03896, 1.05836, 1.07768, 1.09687, 1.11591, 1.13478, 1.15344, 1.17186, 1.19002, 1.20788, 1.22542, 1.24262, 1.25944, 1.27586, 1.29186, 1.3074, 1.32247, 1.33705, 1.3511, 1.36462, 1.37757, 1.38994, 1.4017, 1.41285, 1.42337, 1.43322, 1.44242, 1.45092, 1.45874, 1.46584, 1.47223, 1.47789, 1.48281, 1.48699, 1.49042, 1.49309, 1.495, 1.49615, 1.49653, 1.49615, 1.495, 1.49309, 1.49042, 1.48699, 1.48281, 1.47789, 1.47223, 1.46584, 1.45874, 1.45092, 1.44242, 1.43322, 1.42337, 1.41285, 1.4017, 1.38994, 1.37757, 1.36462, 1.3511, 1.33705, 1.32247, 1.3074, 1.29186, 1.27586, 1.25944, 1.24262, 1.22542, 1.20788, 1.19002, 1.17186, 1.15344, 1.13478, 1.11591, 1.09687, 1.07768, 1.05836, 1.03896, 1.01949, 1.0], [1.0, 1.01957, 1.03911, 1.05859, 1.07798, 1.09724, 1.11636, 1.1353, 1.15403, 1.17253, 1.19075, 1.20868, 1.2263, 1.24356, 1.26044, 1.27693, 1.29299, 1.30859, 1.32372, 1.33835, 1.35246, 1.36603, 1.37903, 1.39145, 1.40326, 1.41445, 1.42501, 1.4349, 1.44413, 1.45267, 1.46052, 1.46765, 1.47406, 1.47974, 1.48469, 1.48888, 1.49232, 1.495, 1.49692, 1.49807, 1.49846, 1.49807, 1.49692, 1.495, 1.49232, 1.48888, 1.48469, 1.47974, 1.47406, 1.46765, 1.46052, 1.45267, 1.44413, 1.4349, 1.42501, 1.41445, 1.40326, 1.39145, 1.37903, 1.36603, 1.35246, 1.33835, 1.32372, 1.30859, 1.29299, 1.27693, 1.26044, 1.24356, 1.2263, 1.20868, 1.19075, 1.17253, 1.15403, 1.1353, 1.11636, 1.09724, 1.07798, 1.05859, 1.03911, 1.01957, 1.0], [1.0, 1.01961, 1.0392, 1.05872, 1.07816, 1.09747, 1.11663, 1.13562, 1.15439, 1.17293, 1.19119, 1.20917, 1.22682, 1.24412, 1.26105, 1.27757, 1.29367, 1.30931, 1.32447, 1.33914, 1.35328, 1.36688, 1.37991, 1.39236, 1.4042, 1.41541, 1.42599, 1.43591, 1.44516, 1.45372, 1.46158, 1.46873, 1.47516, 1.48086, 1.48581, 1.49001, 1.49346, 1.49615, 1.49807, 1.49923, 1.49961, 1.49923, 1.49807, 1.49615, 1.49346, 1.49001, 1.48581, 1.48086, 1.47516, 1.46873, 1.46158, 1.45372, 1.44516, 1.43591, 1.42599, 1.41541, 1.4042, 1.39236, 1.37991, 1.36688, 1.35328, 1.33914, 1.32447, 1.30931, 1.29367, 1.27757, 1.26105, 1.24412, 1.22682, 1.20917, 1.19119, 1.17293, 1.15439, 1.13562, 1.11663, 1.09747, 1.07816, 1.05872, 1.0392, 1.01961, 1.0], [1.0, 1.01963, 1.03923, 1.05877, 1.07822, 1.09755, 1.11672, 1.13572, 1.15451, 1.17306, 1.19134, 1.20933, 1.227, 1.24431, 1.26125, 1.27779, 1.29389, 1.30955, 1.32472, 1.3394, 1.35355, 1.36716, 1.3802, 1.39266, 1.40451, 1.41573, 1.42632, 1.43625, 1.4455, 1.45407, 1.46194, 1.4691, 1.47553, 1.48123, 1.48618, 1.49039, 1.49384, 1.49653, 1.49846, 1.49961, 1.5, 1.49961, 1.49846, 1.49653, 1.49384, 1.49039, 1.48618, 1.48123, 1.47553, 1.4691, 1.46194, 1.45407, 1.4455, 1.43625, 1.42632, 1.41573, 1.40451, 1.39266, 1.3802, 1.36716, 1.35355, 1.3394, 1.32472, 1.30955, 1.29389, 1.27779, 1.26125, 1.24431, 1.227, 1.20933, 1.19134, 1.17306, 1.15451, 1.13572, 1.11672, 1.09755, 1.07822, 1.05877, 1.03923, 1.01963, 1.0], [1.0, 1.01961, 1.0392, 1.05872, 1.07816, 1.09747, 1.11663, 1.13562, 1.15439, 1.17293, 1.19119, 1.20917, 1.22682, 1.24412, 1.26105, 1.27757, 1.29367, 1.30931, 1.32447, 1.33914, 1.35328, 1.36688, 1.37991, 1.39236, 1.4042, 1.41541, 1.42599, 1.43591, 1.44516, 1.45372, 1.46158, 1.46873, 1.47516, 1.48086, 1.48581, 1.49001, 1.49346, 1.49615, 1.49807, 1.49923, 1.49961, 1.49923, 1.49807, 1.49615, 1.49346, 1.49001, 1.48581, 1.48086, 1.47516, 1.46873, 1.46158, 1.45372, 1.44516, 1.43591, 1.42599, 1.41541, 1.4042, 1.39236, 1.37991, 1.36688, 1.35328, 1.33914, 1.32447, 1.30931, 1.29367, 1.27757, 1.26105, 1.24412, 1.22682, 1.20917, 1.19119, 1.17293, 1.15439, 1.13562, 1.11663, 1.09747, 1.07816, 1.05872, 1.0392, 1.01961, 1.0], [1.0, 1.01957, 1.03911, 1.05859, 1.07798, 1.09724, 1.11636, 1.1353, 1.15403, 1.17253, 1.19075, 1.20868, 1.2263, 1.24356, 1.26044, 1.27693, 1.29299, 1.30859, 1.32372, 1.33835, 1.35246, 1.36603, 1.37903, 1.39145, 1.40326, 1.41445, 1.42501, 1.4349, 1.44413, 1.45267, 1.46052, 1.46765, 1.47406, 1.47974, 1.48469, 1.48888, 1.49232, 1.495, 1.49692, 1.49807, 1.49846, 1.49807, 1.49692, 1.495, 1.49232, 1.48888, 1.48469, 1.47974, 1.47406, 1.46765, 1.46052, 1.45267, 1.44413, 1.4349, 1.42501, 1.41445, 1.40326, 1.39145, 1.37903, 1.36603, 1.35246, 1.33835, 1.32372, 1.30859, 1.29299, 1.27693, 1.26044, 1.24356, 1.2263, 1.20868, 1.19075, 1.17253, 1.15403, 1.1353, 1.11636, 1.09724, 1.07798, 1.05859, 1.03911, 1.01957, 1.0], [1.0, 1.01949, 1.03896, 1.05836, 1.07768, 1.09687, 1.11591, 1.13478, 1.15344, 1.17186, 1.19002, 1.20788, 1.22542, 1.24262, 1.25944, 1.27586, 1.29186, 1.3074, 1.32247, 1.33705, 1.3511, 1.36462, 1.37757, 1.38994, 1.4017, 1.41285, 1.42337, 1.43322, 1.44242, 1.45092, 1.45874, 1.46584, 1.47223, 1.47789, 1.48281, 1.48699, 1.49042, 1.49309, 1.495, 1.49615, 1.49653, 1.49615, 1.495, 1.49309, 1.49042, 1.48699, 1.48281, 1.47789, 1.47223, 1.46584, 1.45874, 1.45092, 1.44242, 1.43322, 1.42337, 1.41285, 1.4017, 1.38994, 1.37757, 1.36462, 1.3511, 1.33705, 1.32247, 1.3074, 1.29186, 1.27586, 1.25944, 1.24262, 1.22542, 1.20788, 1.19002, 1.17186, 1.15344, 1.13478, 1.11591, 1.09687, 1.07768, 1.05836, 1.03896, 1.01949, 1.0], [1.0, 1.01939, 1.03875, 1.05805, 1.07725, 1.09634, 1.11529, 1.13405, 1.15261, 1.17093, 1.18899, 1.20675, 1.2242, 1.2413, 1.25803, 1.27437, 1.29027, 1.30574, 1.32073, 1.33522, 1.3492, 1.36264, 1.37552, 1.38782, 1.39953, 1.41062, 1.42107, 1.43088, 1.44002, 1.44848, 1.45625, 1.46332, 1.46967, 1.4753, 1.4802, 1.48436, 1.48776, 1.49042, 1.49232, 1.49346, 1.49384, 1.49346, 1.49232, 1.49042, 1.48776, 1.48436, 1.4802, 1.4753, 1.46967, 1.46332, 1.45625, 1.44848, 1.44002, 1.43088, 1.42107, 1.41062, 1.39953, 1.38782, 1.37552, 1.36264, 1.3492, 1.33522, 1.32073, 1.30574, 1.29027, 1.27437, 1.25803, 1.2413, 1.2242, 1.20675, 1.18899, 1.17093, 1.15261, 1.13405, 1.11529, 1.09634, 1.07725, 1.05805, 1.03875, 1.01939, 1.0], [1.0, 1.01925, 1.03848, 1.05764, 1.07671, 1.09567, 1.11448, 1.13311, 1.15154, 1.16973, 1.18767, 1.20531, 1.22263, 1.23962, 1.25623, 1.27245, 1.28825, 1.3036, 1.31848, 1.33288, 1.34676, 1.36011, 1.3729, 1.38511, 1.39674, 1.40775, 1.41813, 1.42787, 1.43694, 1.44535, 1.45306, 1.46008, 1.46639, 1.47198, 1.47684, 1.48097, 1.48436, 1.48699, 1.48888, 1.49001, 1.49039, 1.49001, 1.48888, 1.48699, 1.48436, 1.48097, 1.47684, 1.47198, 1.46639, 1.46008, 1.45306, 1.44535, 1.43694, 1.42787, 1.41813, 1.40775, 1.39674, 1.38511, 1.3729, 1.36011, 1.34676, 1.33288, 1.31848, 1.3036, 1.28825, 1.27245, 1.25623, 1.23962, 1.22263, 1.20531, 1.18767, 1.16973, 1.15154, 1.13311, 1.11448, 1.09567, 1.07671, 1.05764, 1.03848, 1.01925, 1.0], [1.0, 1.01909, 1.03815, 1.05714, 1.07606, 1.09485, 1.1135, 1.13197, 1.15024, 1.16828, 1.18605, 1.20355, 1.22072, 1.23756, 1.25403, 1.27011, 1.28577, 1.30099, 1.31575, 1.33002, 1.34378, 1.35702, 1.3697, 1.38181, 1.39333, 1.40425, 1.41454, 1.42419, 1.43319, 1.44153, 1.44918, 1.45613, 1.46239, 1.46793, 1.47275, 1.47684, 1.4802, 1.48281, 1.48469, 1.48581, 1.48618, 1.48581, 1.48469, 1.48281, 1.4802, 1.47684, 1.47275, 1.46793, 1.46239, 1.45613, 1.44918, 1.44153, 1.43319, 1.42419, 1.41454, 1.40425, 1.39333, 1.38181, 1.3697, 1.35702, 1.34378, 1.33002, 1.31575, 1.30099, 1.28577, 1.27011, 1.25403, 1.23756, 1.22072, 1.20355, 1.18605, 1.16828, 1.15024, 1.13197, 1.1135, 1.09485, 1.07606, 1.05714, 1.03815, 1.01909, 1.0], [1.0, 1.01889, 1.03776, 1.05656, 1.07528, 1.09388, 1.11234, 1.13062, 1.14871, 1.16656, 1.18416, 1.20147, 1.21847, 1.23514, 1.25144, 1.26736, 1.28286, 1.29793, 1.31253, 1.32666, 1.34028, 1.35338, 1.36593, 1.37792, 1.38932, 1.40013, 1.41031, 1.41987, 1.42878, 1.43702, 1.4446, 1.45148, 1.45767, 1.46316, 1.46793, 1.47198, 1.4753, 1.47789, 1.47974, 1.48086, 1.48123, 1.48086, 1.47974, 1.47789, 1.4753, 1.47198, 1.46793, 1.46316, 1.45767, 1.45148, 1.4446, 1.43702, 1.42878, 1.41987, 1.41031, 1.40013, 1.38932, 1.37792, 1.36593, 1.35338, 1.34028, 1.32666, 1.31253, 1.29793, 1.28286, 1.26736, 1.25144, 1.23514, 1.21847, 1.20147, 1.18416, 1.16656, 1.14871, 1.13062, 1.11234, 1.09388, 1.07528, 1.05656, 1.03776, 1.01889, 1.0], [1.0, 1.01867, 1.03731, 1.05589, 1.07439, 1.09277, 1.11101, 1.12908, 1.14695, 1.16459, 1.18198, 1.19908, 1.21589, 1.23235, 1.24846, 1.26419, 1.27951, 1.2944, 1.30883, 1.32279, 1.33625, 1.34919, 1.36159, 1.37344, 1.38471, 1.39539, 1.40545, 1.4149, 1.4237, 1.43185, 1.43933, 1.44614, 1.45225, 1.45767, 1.46239, 1.46639, 1.46967, 1.47223, 1.47406, 1.47516, 1.47553, 1.47516, 1.47406, 1.47223, 1.46967, 1.46639, 1.46239, 1.45767, 1.45225, 1.44614, 1.43933, 1.43185, 1.4237, 1.4149, 1.40545, 1.39539, 1.38471, 1.37344, 1.36159, 1.34919, 1.33625, 1.32279, 1.30883, 1.2944, 1.27951, 1.26419, 1.24846, 1.23235, 1.21589, 1.19908, 1.18198, 1.16459, 1.14695, 1.12908, 1.11101, 1.09277, 1.07439, 1.05589, 1.03731, 1.01867, 1.0], [1.0, 1.01842, 1.0368, 1.05514, 1.07338, 1.09152, 1.10951, 1.12733, 1.14496, 1.16236, 1.17952, 1.19639, 1.21296, 1.22921, 1.2451, 1.26062, 1.27573, 1.29041, 1.30465, 1.31842, 1.3317, 1.34447, 1.3567, 1.36839, 1.37951, 1.39004, 1.39997, 1.40928, 1.41797, 1.42601, 1.43339, 1.4401, 1.44614, 1.45148, 1.45613, 1.46008, 1.46332, 1.46584, 1.46765, 1.46873, 1.4691, 1.46873, 1.46765, 1.46584, 1.46332, 1.46008, 1.45613, 1.45148, 1.44614, 1.4401, 1.43339, 1.42601, 1.41797, 1.40928, 1.39997, 1.39004, 1.37951, 1.36839, 1.3567, 1.34447, 1.3317, 1.31842, 1.30465, 1.29041, 1.27573, 1.26062, 1.2451, 1.22921, 1.21296, 1.19639, 1.17952, 1.16236, 1.14496, 1.12733, 1.10951, 1.09152, 1.07338, 1.05514, 1.0368, 1.01842, 1.0], [1.0, 1.01814, 1.03624, 1.0543, 1.07226, 1.09012, 1.10784, 1.12539, 1.14275, 1.15989, 1.17678, 1.1934, 1.20972, 1.22571, 1.24136, 1.25664, 1.27152, 1.28598, 1.30001, 1.31357, 1.32664, 1.33921, 1.35126, 1.36277, 1.37372, 1.38409, 1.39387, 1.40304, 1.41159, 1.41951, 1.42678, 1.43339, 1.43933, 1.4446, 1.44918, 1.45306, 1.45625, 1.45874, 1.46052, 1.46158, 1.46194, 1.46158, 1.46052, 1.45874, 1.45625, 1.45306, 1.44918, 1.4446, 1.43933, 1.43339, 1.42678, 1.41951, 1.41159, 1.40304, 1.39387, 1.38409, 1.37372, 1.36277, 1.35126, 1.33921, 1.32664, 1.31357, 1.30001, 1.28598, 1.27152, 1.25664, 1.24136, 1.22571, 1.20972, 1.1934, 1.17678, 1.15989, 1.14275, 1.12539, 1.10784, 1.09012, 1.07226, 1.0543, 1.03624, 1.01814, 1.0], [1.0, 1.01783, 1.03563, 1.05337, 1.07103, 1.08858, 1.106, 1.12325, 1.14032, 1.15716, 1.17377, 1.1901, 1.20614, 1.22187, 1.23725, 1.25227, 1.2669, 1.28111, 1.2949, 1.30822, 1.32108, 1.33343, 1.34528, 1.35659, 1.36735, 1.37755, 1.38716, 1.39618, 1.40458, 1.41236, 1.41951, 1.42601, 1.43185, 1.43702, 1.44153, 1.44535, 1.44848, 1.45092, 1.45267, 1.45372, 1.45407, 1.45372, 1.45267, 1.45092, 1.44848, 1.44535, 1.44153, 1.43702, 1.43185, 1.42601, 1.41951, 1.41236, 1.40458, 1.39618, 1.38716, 1.37755, 1.36735, 1.35659, 1.34528, 1.33343, 1.32108, 1.30822, 1.2949, 1.28111, 1.2669, 1.25227, 1.23725, 1.22187, 1.20614, 1.1901, 1.17377, 1.15716, 1.14032, 1.12325, 1.106, 1.08858, 1.07103, 1.05337, 1.03563, 1.01783, 1.0], [1.0, 1.01749, 1.03495, 1.05236, 1.06969, 1.08691, 1.104, 1.12093, 1.13767, 1.1542, 1.17049, 1.18651, 1.20225, 1.21768, 1.23277, 1.24751, 1.26186, 1.27581, 1.28933, 1.30241, 1.31502, 1.32714, 1.33876, 1.34986, 1.36042, 1.37042, 1.37985, 1.3887, 1.39695, 1.40458, 1.41159, 1.41797, 1.4237, 1.42878, 1.43319, 1.43694, 1.44002, 1.44242, 1.44413, 1.44516, 1.4455, 1.44516, 1.44413, 1.44242, 1.44002, 1.43694, 1.43319, 1.42878, 1.4237, 1.41797, 1.41159, 1.40458, 1.39695, 1.3887, 1.37985, 1.37042, 1.36042, 1.34986, 1.33876, 1.32714, 1.31502, 1.30241, 1.28933, 1.27581, 1.26186, 1.24751, 1.23277, 1.21768, 1.20225, 1.18651, 1.17049, 1.1542, 1.13767, 1.12093, 1.104, 1.08691, 1.06969, 1.05236, 1.03495, 1.01749, 1.0], [1.0, 1.01713, 1.03423, 1.05128, 1.06824, 1.08511, 1.10184, 1.11842, 1.13481, 1.15099, 1.16694, 1.18264, 1.19805, 1.21316, 1.22794, 1.24237, 1.25642, 1.27008, 1.28332, 1.29613, 1.30847, 1.32035, 1.33173, 1.34259, 1.35293, 1.36273, 1.37196, 1.38062, 1.3887, 1.39618, 1.40304, 1.40928, 1.4149, 1.41987, 1.42419, 1.42787, 1.43088, 1.43322, 1.4349, 1.43591, 1.43625, 1.43591, 1.4349, 1.43322, 1.43088, 1.42787, 1.42419, 1.41987, 1.4149, 1.40928, 1.40304, 1.39618, 1.3887, 1.38062, 1.37196, 1.36273, 1.35293, 1.34259, 1.33173, 1.32035, 1.30847, 1.29613, 1.28332, 1.27008, 1.25642, 1.24237, 1.22794, 1.21316, 1.19805, 1.18264, 1.16694, 1.15099, 1.13481, 1.11842, 1.10184, 1.08511, 1.06824, 1.05128, 1.03423, 1.01713, 1.0], [1.0, 1.01674, 1.03345, 1.05011, 1.06669, 1.08317, 1.09952, 1.11572, 1.13174, 1.14756, 1.16315, 1.17848, 1.19355, 1.20831, 1.22275, 1.23685, 1.25058, 1.26393, 1.27687, 1.28939, 1.30145, 1.31306, 1.32418, 1.3348, 1.3449, 1.35447, 1.3635, 1.37196, 1.37985, 1.38716, 1.39387, 1.39997, 1.40545, 1.41031, 1.41454, 1.41813, 1.42107, 1.42337, 1.42501, 1.42599, 1.42632, 1.42599, 1.42501,